1 2
1 10
1 55
1 78
1 223
1 137
1 239
1 240
1 81
1 3117
1 189
1 419
1 3118
1 3119
1 3120
1 634
1 213
1 170
1 744
1 742
1 743
1 719
1 145
1 474
1 895
1 184
1 896
1 891
1 942
1 3121
1 964
1 3122
1 974
1 404
1 973
1 3123
1 3124
1 61
1 1022
1 1104
1 686
1 1424
1 1425
1 728
1 250
1 87
1 1464
1 1574
1 1614
1 3125
1 353
1 1282
1 9
1 272
1 1304
1 1482
1 3126
1 254
1 378
1 3127
1 3127
2 1
2 104
2 2059
3 1
3 376
3 377
3 1617
4 50
4 51
4 52
4 3128
4 81
4 7
5 6
5 7
5 49
6 7
6 49
6 324
6 1173
6 1174
6 3126
6 254
7 46
7 61
7 62
7 63
7 8
7 64
7 55
7 65
7 49
7 78
7 54
7 137
7 268
7 700
7 787
7 1061
7 1132
7 1482
7 378
8 6
8 7
8 7
8 18
8 64
8 55
8 3117
8 86
8 145
8 358
8 359
8 3129
8 366
8 367
8 368
8 369
8 548
8 894
8 337
8 1
8 474
8 404
8 147
8 956
8 958
8 957
8 213
8 3125
8 1226
8 818
8 379
8 78
8 3130
8 1222
8 686
8 125
8 3131
8 692
8 707
8 1237
8 324
8 1601
8 3132
8 1688
8 485
8 3096
8 3050
8 3050
8 35
8 230
8 1235
8 1577
8 1578
8 1116
8 3133
8 2346
8 2353
8 2354
8 2355
8 2329
8 210
8 2486
8 2504
8 3134
8 3135
8 2713
8 2768
8 2855
8 2906
8 618
8 2385
8 2261
8 169
8 3085
8 902
8 9
8 9
8 272
8 272
8 254
8 254
8 254
8 254
8 3126
8 3126
8 3126
8 1482
9 10
9 40
9 59
9 67
9 55
9 68
9 69
9 70
9 153
9 54
9 415
9 41
9 41
9 730
9 691
9 92
9 92
9 3136
9 78
9 1338
9 1345
9 1515
9 3137
9 1517
9 1516
9 93
9 1615
9 1
9 1729
9 3138
9 3139
9 1835
9 198
9 2768
9 3084
9 704
9 705
9 750
9 876
9 888
9 77
9 3140
9 3140
9 472
9 3141
9 3141
9 8
9 8
9 8
9 8
9 281
9 281
9 856
9 3004
9 3089
9 3090
9 653
9 391
9 392
9 393
9 286
9 287
9 288
9 1575
9 1575
9 243
9 3050
9 3050
9 3050
9 3085
9 3085
9 39
9 39
9 228
9 1003
9 1002
9 285
9 1587
9 1585
9 1586
9 3142
9 1840
9 711
9 3143
9 3071
9 3053
9 3107
9 27
9 115
9 25
9 26
9 116
9 117
9 401
9 81
9 1180
9 707
9 1247
9 499
9 1248
9 1233
9 132
9 3144
9 1145
9 1271
9 1439
9 1715
9 2329
9 171
9 2538
9 2504
9 3145
9 2836
9 809
9 2894
9 2932
9 839
9 985
9 1258
9 787
9 1643
9 2153
9 2568
9 279
9 1431
9 2865
9 2869
9 3146
9 2744
9 3147
9 357
9 1293
9 1340
9 1724
9 272
9 272
9 272
9 378
9 254
9 254
9 254
9 254
9 254
9 3126
9 3126
9 3127
9 1482
9 1482
11 12
14 15
14 16
14 1330
14 1326
14 1327
14 1328
15 16
17 18
19 3148
20 21
20 565
20 566
20 279
22 2105
22 2106
22 766
22 2107
22 2108
22 3149
22 2109
22 2110
22 3150
23 24
23 9
25 26
25 27
26 27
26 116
27 1482
28 29
29 254
30 31
32 33
32 34
33 34
35 3153
35 3154
35 356
36 37
36 207
36 1345
36 1804
36 3114
36 9
36 3127
37 36
37 3114
39 38
39 92
39 401
39 81
39 573
39 574
39 575
39 279
39 3156
39 1639
39 152
39 378
39 378
41 40
41 1439
41 1440
41 296
41 132
42 9
43 44
43 45
44 45
46 47
46 48
46 41
46 61
46 62
46 63
46 8
46 64
46 55
46 65
46 485
46 486
46 236
46 3130
46 1222
46 1421
46 686
46 125
46 78
46 281
46 586
46 3141
46 3142
46 7
46 92
46 2789
46 2734
46 2947
46 3050
46 902
46 9
46 9
47 48
47 41
47 251
47 132
47 3127
48 41
49 4
49 50
49 51
49 52
49 3128
49 1605
49 3157
50 52
51 52
51 74
51 75
51 76
51 4
51 118
51 56
51 90
51 119
51 70
51 10
51 137
51 398
51 1796
51 1991
51 3108
51 3085
51 902
51 1482
52 3128
52 81
52 7
52 254
53 54
54 137
54 268
54 3125
54 737
55 56
55 57
55 67
55 9
55 9
55 68
55 58
55 8
55 95
55 59
55 100
55 403
55 627
55 681
55 726
55 727
55 3110
55 3111
55 3112
55 3113
56 90
56 76
56 3096
57 66
57 67
58 56
58 57
60 59
60 1739
60 1743
60 3126
61 62
61 63
61 8
61 64
61 55
61 143
61 1022
61 707
61 704
61 132
61 1033
61 889
61 1225
61 3091
62 61
62 63
62 8
62 64
62 55
63 8
63 64
63 55
63 3130
63 2171
64 55
64 1123
64 3130
64 1403
64 1404
64 125
64 1439
64 1647
64 3085
67 57
69 70
69 113
69 3085
69 254
70 76
70 2436
70 2438
70 2194
71 69
71 113
72 69
72 1306
72 1307
72 1308
72 3126
73 70
73 105
73 59
74 75
74 76
74 4
74 273
74 3158
74 849
74 1604
74 3159
74 1778
74 1492
74 123
74 1789
74 3160
74 2687
74 2980
74 2981
74 2982
74 902
74 254
75 76
75 4
75 52
75 193
75 194
75 191
75 192
75 195
75 273
75 3158
75 510
75 1086
75 1085
75 1187
75 1420
75 1636
75 3085
75 902
75 902
75 3138
75 9
75 1482
75 254
75 254
76 4
77 75
77 52
77 76
77 344
77 970
77 74
77 13
77 487
77 957
77 3085
77 3138
78 79
78 3125
78 171
78 1
78 3151
78 175
78 54
78 137
78 268
78 334
78 3161
78 3162
78 510
78 3163
78 7
78 53
78 1009
78 866
78 1178
78 87
78 1464
78 3010
78 244
78 3036
78 1234
78 3037
78 3107
78 9
78 272
78 254
79 80
81 137
81 260
81 7
81 323
81 39
81 1132
81 787
81 553
81 175
81 3151
81 1340
81 9
81 9
81 1482
81 3127
81 3127
81 254
82 83
82 84
82 85
83 84
83 85
84 85
86 145
86 1471
86 1237
86 1482
87 88
87 1464
87 378
87 3127
89 88
90 56
90 76
90 3127
91 3164
91 3127
91 3127
92 39
92 570
92 206
92 571
92 572
92 569
92 575
92 1026
92 1142
92 1575
92 281
92 3141
92 1585
92 1586
92 8
92 8
92 586
92 567
92 657
92 2391
92 3165
92 3050
92 3050
92 3050
92 3085
92 3085
92 9
92 9
92 254
92 254
92 3127
92 1482
93 14
93 1330
93 1326
93 1327
93 1328
93 1666
93 2674
93 94
93 123
93 1668
93 1669
93 618
93 254
94 137
94 123
94 1956
94 2676
95 59
95 1688
96 55
96 59
96 1689
97 98
97 55
97 95
97 59
97 105
98 55
98 59
98 105
99 55
99 59
100 3113
103 101
103 102
103 1655
103 2874
103 2875
103 2636
103 9
103 254
103 3127
105 59
106 3125
106 1470
106 2329
106 2330
106 2331
106 210
106 2326
106 953
106 2327
106 111
106 977
106 2335
106 2333
106 902
107 3125
107 6
107 324
107 1
107 2901
107 3126
108 109
108 3138
110 55
111 55
111 1171
111 840
111 1212
111 1592
111 271
111 1593
111 1736
111 210
111 977
111 2329
111 2342
111 2343
111 2344
111 2345
111 581
112 3050
112 3126
112 1482
114 18
114 115
114 9
118 119
118 76
118 3103
119 76
120 1620
120 2611
120 902
120 1482
120 3126
122 2144
122 2145
122 1297
122 2146
123 2542
123 2548
123 2549
123 2550
123 2293
125 257
125 328
125 3167
125 406
125 629
125 657
125 690
125 7
125 1195
125 137
125 1405
125 1406
125 1222
125 1421
125 686
125 64
125 1604
125 3168
125 3129
125 1392
125 378
125 3127
125 3127
125 3127
125 254
126 127
126 128
126 129
127 128
127 126
127 129
127 2083
127 2588
127 254
129 406
129 92
129 870
129 405
129 1089
129 902
129 3127
130 902
130 1482
130 3127
130 3126
130 378
131 351
131 231
131 813
131 816
131 1017
131 1163
131 1324
131 348
131 1336
131 1946
131 2088
131 3169
131 2999
131 3031
131 3170
131 3171
131 8
131 902
131 3127
131 3127
131 3127
131 378
132 3143
132 828
132 1000
132 787
132 1144
132 1260
132 877
132 1278
132 1470
132 855
132 1526
132 1645
132 1643
132 1705
132 1983
132 844
132 994
132 2424
132 2384
132 2167
132 2425
132 1188
132 883
132 473
132 985
132 9
132 378
132 3126
132 254
133 135
133 134
133 336
133 326
133 1692
133 3127
135 134
136 9
137 240
137 81
137 241
137 245
137 246
137 1
137 261
137 262
137 263
137 264
137 267
137 268
137 269
137 249
137 270
137 272
137 275
137 292
137 949
137 950
137 3172
137 816
137 732
137 132
137 753
137 8
137 3173
137 961
137 92
137 3165
137 2443
137 3174
137 378
137 3127
137 254
137 3126
138 125
138 8
139 493
139 1482
140 1482
140 1482
141 143
142 141
142 143
142 1495
142 2892
142 2893
142 3175
142 3127
142 3127
142 3127
144 3126
144 3126
146 145
146 566
147 145
147 235
147 3118
147 3124
147 989
147 61
147 1022
147 1104
147 1108
147 1378
147 1379
147 1380
147 1
147 3176
147 2678
147 1640
147 687
147 2679
147 2680
147 2681
147 3177
147 3050
147 1482
148 149
151 150
151 2723
151 2722
151 2724
154 155
154 156
154 157
154 158
155 157
155 158
156 157
156 158
156 180
157 156
157 158
159 157
161 162
161 3180
161 1355
161 1354
162 2575
162 2576
163 78
163 1
163 3107
163 9
163 272
164 3181
164 165
164 166
164 167
164 168
164 1047
164 1048
164 3182
164 378
165 166
165 167
165 168
166 167
166 168
166 165
167 168
167 165
168 165
169 166
169 167
169 644
169 353
169 645
169 147
169 352
169 941
169 1195
169 1217
169 3183
169 3184
169 1407
169 254
169 993
169 1472
169 1237
169 571
169 3185
169 3129
169 1702
169 1881
169 324
169 1882
169 2265
169 2311
169 2312
169 3186
169 2667
169 576
169 2089
169 2687
169 792
169 2846
169 985
169 2998
169 3001
169 3050
169 902
169 9
169 1482
170 165
170 244
170 243
170 744
170 742
170 743
170 1023
170 1024
170 1025
170 3187
170 7
170 1423
171 175
171 474
171 2329
171 210
171 581
171 2350
172 3153
172 3154
172 356
172 945
172 946
172 414
172 237
172 343
172 1931
172 1981
172 1980
172 1988
172 1989
172 1992
172 1510
172 2328
172 106
172 2329
172 2330
172 2331
172 210
172 2326
172 953
172 2327
172 111
172 977
172 902
172 3127
172 254
173 629
173 3100
173 1482
175 1340
175 237
175 3152
177 178
177 179
177 156
177 180
179 334
179 2643
179 2654
179 51
181 178
181 179
181 156
181 180
182 773
182 776
182 777
182 3189
182 764
182 778
182 794
182 782
182 795
183 2991
183 2988
183 378
184 698
184 894
184 337
184 898
184 251
184 1
184 474
184 895
186 686
186 1482
187 8
189 188
190 191
190 75
190 193
190 194
190 192
190 195
190 2734
190 902
190 3127
192 191
192 195
192 902
193 194
193 191
193 192
193 195
193 902
195 902
195 272
197 404
197 864
197 975
197 707
197 3140
197 203
197 1717
197 125
197 3168
197 1817
197 1812
197 1319
197 1813
197 1814
197 1860
197 1392
197 3191
197 2016
197 3126
197 1482
198 237
198 410
198 970
198 1027
198 224
198 1630
198 1631
198 3192
198 1643
198 1673
198 208
198 689
198 1675
198 1835
198 478
198 2089
200 2634
201 202
203 204
203 390
203 391
203 392
203 393
203 387
203 395
203 626
203 3193
203 9
203 915
203 916
203 842
203 473
203 948
203 1091
203 1104
203 1108
203 3133
203 125
203 686
203 1217
203 1218
203 601
203 1296
203 3130
203 1299
203 1301
203 692
203 1300
203 1302
203 1303
203 1206
203 818
203 1541
203 1542
203 1543
203 1513
203 1540
203 1597
203 1492
203 1623
203 383
203 1717
203 3168
203 1891
203 136
203 2159
203 2725
203 2776
203 1220
203 902
203 272
203 3126
203 3126
203 3126
203 254
203 1482
203 1482
203 378
203 378
204 1090
205 206
205 207
205 208
205 971
205 1227
205 2072
205 2853
205 1584
205 8
205 902
205 254
206 571
206 572
206 569
206 3194
206 2167
206 902
207 208
207 3147
207 842
207 61
207 2407
207 2422
207 2423
207 132
207 2424
207 2384
207 2167
207 2425
207 1188
207 883
207 657
207 2430
207 2231
207 735
207 2432
207 2417
207 2435
207 2491
207 2492
207 3065
207 902
208 689
208 1675
208 1673
208 2193
208 2211
208 2516
208 8
208 902
208 3127
209 210
209 206
210 206
210 2326
210 2329
210 2327
210 111
210 2333
210 2335
210 171
210 581
210 3066
211 212
211 213
211 3195
211 2325
212 213
213 636
213 637
213 648
213 653
213 655
213 840
213 1883
214 215
216 215
217 218
217 219
218 219
220 3105
220 1482
221 222
221 1
221 223
221 419
226 227
226 228
227 228
227 1275
227 254
228 983
228 992
228 1033
228 1268
228 1269
228 1487
228 1488
228 1597
228 1599
228 806
228 124
228 131
228 2059
228 2061
228 833
228 1591
228 2312
228 2493
228 2631
228 2727
228 2042
228 3008
228 3055
228 272
228 272
228 3127
229 3196
229 1188
229 2059
229 123
229 8
230 816
231 92
231 89
231 410
231 813
231 816
232 233
232 3058
234 562
234 560
234 563
234 564
234 20
234 565
234 566
234 569
234 92
234 570
234 206
234 571
234 572
234 2047
234 2048
236 576
236 1096
236 1596
236 378
237 3161
237 3162
237 1689
238 1725
238 3197
239 240
240 949
240 137
240 95
240 954
240 961
240 2575
241 137
241 262
241 264
241 275
241 276
241 277
241 292
241 300
241 301
241 3104
242 243
242 7
242 1647
243 170
243 244
243 137
243 3198
243 272
244 243
244 2358
244 1234
246 72
246 3127
246 378
248 254
248 81
248 241
250 54
250 78
250 87
250 1464
251 9
251 54
251 283
251 588
251 589
251 590
251 129
251 92
251 337
251 474
251 305
251 81
251 72
251 2681
251 3177
251 2691
251 2692
251 2978
251 2979
251 2980
251 2981
251 2982
251 3029
251 2358
251 1234
251 3060
251 3080
251 3127
252 247
253 54
254 81
254 54
254 3125
254 737
254 691
254 837
254 838
254 240
254 104
254 3109
254 1482
254 1482
254 1482
254 1482
254 1482
254 1482
254 1482
254 1482
254 1482
254 1482
254 1482
254 141
254 125
254 137
254 3127
254 3127
254 3127
254 3127
254 3127
254 3127
254 3127
254 3127
254 3127
254 3127
254 3127
254 3127
254 249
254 241
254 289
254 354
254 3129
254 3129
254 3129
254 414
254 7
254 7
254 587
254 630
254 3050
254 55
254 8
254 8
254 8
254 8
254 8
254 124
254 733
254 765
254 821
254 9
254 9
254 9
254 3199
254 3126
254 3126
254 3126
254 3126
254 3126
254 3126
254 3126
254 3126
254 3126
254 3126
254 3126
254 947
254 960
254 995
254 1053
254 395
254 3182
254 3182
254 1080
254 1088
254 1097
254 1004
254 1163
254 816
254 768
254 473
254 1195
254 132
254 132
254 132
254 1243
254 1244
254 3140
254 1276
254 1276
254 1276
254 474
254 378
254 378
254 378
254 378
254 378
254 378
254 378
254 378
254 378
254 378
254 1315
254 1322
254 1340
254 1377
254 1383
254 123
254 123
254 3184
254 3184
254 41
254 41
254 802
254 802
254 877
254 3083
254 1461
254 1498
254 1510
254 1513
254 1603
254 3200
254 3200
254 1612
254 1625
254 232
254 3201
254 1643
254 629
254 3202
254 571
254 1686
254 3133
254 1445
254 1445
254 833
254 1747
254 1759
254 3203
254 1871
254 1876
254 3204
254 3139
254 1392
254 1936
254 1938
254 374
254 2027
254 844
254 2062
254 2077
254 2077
254 2112
254 2118
254 2160
254 2179
254 902
254 1956
254 1258
254 1901
254 1901
254 2294
254 2423
254 2466
254 3121
254 236
254 3195
254 3134
254 2553
254 2556
254 2604
254 3061
254 787
254 787
254 1480
254 1480
254 1480
254 3177
254 3177
254 2687
254 2662
254 173
254 2746
254 2772
254 2059
254 2836
254 912
254 3145
254 3205
254 3206
254 2876
254 2883
254 843
254 3146
254 1689
254 1689
254 2930
254 2939
254 2744
254 2744
254 2961
254 78
254 2986
254 3017
254 2879
255 256
256 216
256 1286
256 1482
257 254
258 81
258 137
259 137
259 262
259 263
259 278
259 279
261 262
261 241
261 137
261 268
261 269
262 241
262 137
262 263
265 137
265 241
265 264
265 252
266 137
267 137
268 137
270 111
270 1736
271 1377
271 1593
271 1924
271 1925
271 1923
271 3127
272 686
272 686
272 3207
272 3208
272 967
272 228
272 243
272 628
272 630
272 983
272 992
272 732
272 1083
272 1175
272 1175
272 1234
272 1235
272 3147
272 1446
272 837
272 1461
272 1559
272 1460
272 1560
272 1561
272 1562
272 1563
272 806
272 806
272 806
272 124
272 1839
272 1825
272 1836
272 1837
272 1838
272 2166
272 2167
272 2244
272 2244
272 581
272 2341
272 111
272 2342
272 2343
272 2344
272 2345
272 2631
272 2634
272 1178
272 2042
272 2855
272 2878
272 296
272 2880
272 3055
272 8
272 9
272 9
272 1174
272 2443
272 137
272 1069
272 612
272 1398
272 852
272 1402
272 1626
272 624
272 2040
272 2040
272 1957
272 2323
272 3062
272 1020
272 474
272 2643
272 750
272 132
272 1033
272 889
272 1056
272 3140
272 1248
272 1636
272 2245
272 1480
272 3209
272 3210
272 1689
272 3211
272 3116
272 1482
272 378
272 3126
272 3126
273 3158
274 270
274 857
276 277
276 3104
277 787
277 3104
278 279
279 831
279 890
279 872
279 1000
279 2368
279 16
279 2372
279 2373
279 473
279 1431
280 3212
281 1575
281 285
281 3141
281 1587
281 1585
281 1586
281 586
281 3142
281 8
281 8
281 3050
281 3050
281 3050
281 3053
281 3085
281 9
281 9
281 3127
282 1445
282 1482
282 378
283 945
283 70
283 2436
283 2438
283 2194
283 2439
283 1382
283 3213
283 2920
284 81
284 1482
285 137
286 287
286 288
287 288
293 294
295 7
295 686
296 273
296 1169
296 1922
296 2052
296 2059
296 3214
296 2772
296 2797
296 2798
296 2799
296 337
296 2879
296 2576
296 2880
296 2782
296 2881
296 2784
296 2894
296 2439
296 2996
296 2997
296 3085
296 8
296 902
296 3138
296 9
296 272
296 3190
297 298
299 298
299 81
299 728
300 241
300 301
302 303
302 304
302 3101
303 304
303 3101
304 3101
305 81
305 2013
305 3215
305 2001
305 1995
305 1994
305 2982
305 63
305 480
305 3139
305 8
305 9
307 306
307 3126
308 3143
308 254
308 378
310 3220
310 311
312 205
312 902
313 200
313 2054
313 2076
313 1460
313 2266
313 2706
313 378
313 3127
314 1745
314 1746
314 1758
314 861
314 2244
314 2245
314 3223
314 3224
314 3190
315 3225
315 3190
317 2275
317 1957
317 378
317 254
318 3226
318 1001
319 272
320 321
320 322
321 322
323 8
324 332
324 341
324 656
324 787
324 839
324 3227
324 3228
324 858
324 1513
324 1341
324 1282
324 3229
324 1716
324 1882
324 1115
324 3087
324 3100
324 3085
324 902
324 3127
324 254
325 326
326 334
326 855
326 1528
326 985
326 1529
326 1530
326 1531
326 844
326 1533
326 1513
326 324
326 1115
326 3081
327 125
327 328
327 3167
328 3167
329 125
329 328
329 3167
330 1
331 1
331 1394
332 333
332 324
332 3142
333 324
333 3142
333 332
334 985
334 2643
335 334
335 244
335 2358
335 1234
336 326
337 338
337 892
337 474
337 902
337 2216
337 2873
337 2261
337 3194
337 3138
339 340
339 179
339 1286
340 179
342 3075
342 378
343 1689
343 1340
343 3152
343 925
343 254
345 983
345 9
346 560
346 563
346 564
346 20
346 565
346 566
346 2687
346 2688
346 2689
346 173
346 254
347 8
347 902
349 350
349 351
350 131
350 351
352 350
352 351
352 815
352 941
352 8
352 3117
352 378
353 350
353 131
353 351
353 645
353 348
355 172
355 35
355 3153
355 3154
355 356
355 3176
355 2678
355 1640
355 2679
355 2680
355 3177
357 8
357 3129
357 363
357 1293
357 1480
357 809
358 296
359 1964
359 1689
360 361
360 362
360 372
360 1462
360 2699
361 362
364 3129
364 363
364 544
365 3129
365 363
365 1077
365 1408
365 1601
365 1980
365 2662
365 576
365 3186
365 3236
365 902
366 367
367 368
367 886
369 383
369 643
369 2052
369 3126
371 370
371 1180
371 3050
371 8
373 372
373 404
373 1169
373 1830
373 1831
373 1832
373 1833
373 670
373 3072
373 3127
374 372
374 3
374 3165
374 3177
374 3238
375 376
375 377
375 2958
375 1058
375 2959
375 2993
375 3023
375 3100
376 377
378 379
378 380
378 106
378 81
378 88
378 104
378 3109
378 3109
378 3127
378 3127
378 3127
378 3127
378 3127
378 3127
378 3127
378 3127
378 3127
378 3127
378 3127
378 3127
378 3127
378 3127
378 145
378 150
378 214
378 232
378 305
378 334
378 326
378 603
378 674
378 3158
378 825
378 3126
378 3126
378 3126
378 3126
378 3126
378 3126
378 3126
378 3126
378 3126
378 3126
378 3126
378 3126
378 3126
378 836
378 1482
378 1482
378 1482
378 1482
378 1482
378 1482
378 1482
378 1482
378 1482
378 1482
378 1482
378 1482
378 1482
378 1482
378 890
378 924
378 3094
378 404
378 940
378 61
378 132
378 132
378 132
378 132
378 132
378 762
378 254
378 254
378 254
378 254
378 254
378 254
378 254
378 254
378 254
378 254
378 903
378 1110
378 842
378 200
378 272
378 1162
378 1172
378 485
378 1184
378 1242
378 1033
378 864
378 1280
378 251
378 1392
378 3184
378 1442
378 923
378 473
378 1485
378 1494
378 853
378 1553
378 1559
378 1559
378 1556
378 3080
378 1603
378 1604
378 1652
378 1657
378 886
378 1673
378 1687
378 9
378 3182
378 3182
378 902
378 902
378 902
378 902
378 902
378 1726
378 1729
378 1187
378 1658
378 205
378 1772
378 331
378 1884
378 392
378 822
378 1376
378 1510
378 1495
378 994
378 2056
378 2081
378 839
378 2139
378 889
378 2265
378 2287
378 2296
378 267
378 1134
378 2370
378 1170
378 2497
378 3239
378 943
378 2505
378 2568
378 2579
378 2605
378 321
378 566
378 2687
378 691
378 2712
378 2725
378 323
378 3058
378 2774
378 3205
378 2861
378 3054
378 396
378 2903
378 2908
378 2054
378 1118
378 1784
378 218
378 2939
378 2643
378 78
378 129
378 721
378 1723
378 3030
378 1498
378 959
379 380
379 106
380 106
381 382
381 383
381 254
382 383
383 296
383 2894
383 9
384 2238
384 2243
384 1178
384 3127
384 3127
385 132
385 137
385 1692
385 254
386 860
386 414
386 3126
387 189
387 391
387 392
387 393
387 203
387 395
387 3156
387 414
387 985
388 389
388 1910
388 3204
390 279
391 392
391 393
391 1488
391 1559
391 1460
391 1560
391 1561
391 1562
391 1563
391 228
391 131
391 2491
391 2492
391 272
392 391
392 393
392 601
392 626
392 917
392 204
392 1090
392 1091
392 1368
392 1873
392 1371
392 1006
392 3162
392 1591
392 3240
392 51
394 392
394 387
394 391
394 203
394 393
394 204
394 601
394 626
394 917
394 198
394 1090
394 1091
394 1368
394 1873
394 1891
394 3117
394 1928
394 1929
394 1930
395 203
395 387
395 3156
395 3193
395 826
395 930
395 1084
395 1085
395 1
395 719
395 171
395 474
395 1237
395 1664
395 208
395 2954
395 2469
395 2023
395 1861
395 2955
395 2956
395 272
395 272
395 3127
396 387
396 203
396 395
396 272
397 272
398 399
398 4
398 1065
398 816
398 137
398 732
398 3173
398 962
398 1771
398 3242
398 205
398 1794
398 1795
398 1796
398 378
399 754
400 81
400 714
400 3163
401 81
401 3243
401 92
401 396
402 240
402 3138
402 272
403 1482
404 411
404 7
404 412
404 1
404 279
404 859
404 3140
404 937
404 973
404 974
404 864
404 975
404 707
404 3244
404 1028
404 1039
404 1040
404 1041
404 1042
404 1082
404 553
404 490
404 3089
404 3085
404 378
404 378
404 3126
405 3245
405 406
405 1006
405 902
405 1745
405 2566
405 3088
405 3126
407 29
407 3085
409 410
409 1
409 602
411 7
413 414
414 865
414 860
414 404
414 237
414 343
416 417
418 221
418 1
418 419
418 170
418 744
418 742
418 743
418 728
418 250
418 78
418 87
418 1464
418 3184
418 485
418 902
418 1304
418 3174
420 421
420 422
420 423
420 424
420 425
420 426
420 427
420 428
420 429
420 430
420 431
420 432
420 433
420 434
421 422
421 423
421 424
421 425
421 426
421 427
421 428
421 429
421 430
421 431
421 432
421 433
421 434
422 424
422 425
422 426
422 427
422 428
422 429
422 430
422 431
422 432
422 433
422 434
423 424
423 425
423 426
423 427
423 428
423 429
423 430
423 431
423 432
423 433
423 434
424 425
424 426
424 427
424 428
424 429
424 430
424 431
424 432
424 433
424 434
425 426
425 427
425 428
425 429
425 430
425 431
425 432
425 433
425 434
426 427
426 428
426 429
426 430
426 431
426 432
426 433
426 434
427 428
427 429
427 430
427 431
427 432
427 433
427 434
428 429
428 430
428 431
428 432
428 433
428 434
429 430
429 431
429 432
429 433
429 434
430 431
430 432
430 433
430 434
431 432
431 433
431 434
432 433
432 434
433 434
435 436
435 437
435 438
435 439
435 440
435 441
435 442
435 443
435 444
435 445
435 446
435 447
435 448
435 449
435 450
435 451
435 452
435 453
435 454
435 455
435 456
435 457
435 458
435 459
435 460
435 461
435 462
435 463
435 464
435 465
435 466
435 467
435 468
435 469
435 470
436 437
436 438
436 439
436 440
436 435
436 441
436 442
436 443
436 444
436 445
436 446
436 447
436 448
436 449
436 450
436 451
436 452
436 453
436 454
436 455
436 456
436 457
436 458
436 459
436 460
436 461
436 462
436 463
436 464
436 465
436 466
436 467
436 468
436 469
436 470
437 438
437 439
437 440
437 435
437 441
437 442
437 443
437 444
437 445
437 446
437 447
437 448
437 449
437 450
437 451
437 452
437 453
437 454
437 455
437 456
437 457
437 458
437 459
437 460
437 461
437 462
437 463
437 464
437 465
437 466
437 467
437 468
437 469
437 470
438 439
438 440
438 435
438 441
438 442
438 443
438 444
438 445
438 446
438 447
438 448
438 449
438 450
438 451
438 452
438 453
438 454
438 455
438 456
438 457
438 458
438 459
438 460
438 461
438 462
438 463
438 464
438 465
438 466
438 467
438 468
438 469
438 470
439 440
439 435
439 441
439 438
439 442
439 443
439 444
439 445
439 446
439 447
439 448
439 449
439 450
439 451
439 452
439 453
439 454
439 455
439 456
439 457
439 458
439 459
439 460
439 461
439 462
439 463
439 464
439 465
439 466
439 467
439 468
439 469
439 470
440 441
440 438
440 442
440 443
440 444
440 445
440 446
440 447
440 448
440 449
440 450
440 451
440 452
440 453
440 454
440 455
440 456
440 457
440 458
440 459
440 460
440 461
440 462
440 463
440 464
440 465
440 466
440 467
440 468
440 469
440 470
441 438
441 442
441 443
441 444
441 445
441 446
441 447
441 448
441 449
441 450
441 451
441 452
441 453
441 454
441 455
441 456
441 457
441 458
441 459
441 460
441 461
441 462
441 463
441 464
441 465
441 466
441 467
441 468
441 469
441 470
442 443
442 444
442 445
442 446
442 447
442 448
442 449
442 450
442 451
442 452
442 453
442 454
442 455
442 456
442 457
442 458
442 459
442 460
442 461
442 462
442 463
442 464
442 465
442 466
442 467
442 468
442 469
442 470
443 444
443 445
443 446
443 447
443 448
443 449
443 450
443 451
443 452
443 453
443 454
443 455
443 456
443 457
443 458
443 459
443 460
443 461
443 462
443 463
443 464
443 465
443 466
443 467
443 468
443 469
443 470
444 445
444 446
444 447
444 448
444 449
444 450
444 451
444 452
444 453
444 454
444 455
444 456
444 457
444 458
444 459
444 460
444 461
444 462
444 463
444 464
444 465
444 466
444 467
444 468
444 469
444 470
445 446
445 447
445 448
445 449
445 450
445 451
445 452
445 453
445 454
445 455
445 456
445 457
445 458
445 459
445 460
445 461
445 462
445 463
445 464
445 465
445 466
445 467
445 468
445 469
445 470
446 447
446 448
446 449
446 450
446 451
446 452
446 453
446 454
446 455
446 456
446 457
446 458
446 459
446 460
446 461
446 462
446 463
446 464
446 465
446 466
446 467
446 468
446 469
446 470
447 448
447 449
447 450
447 451
447 452
447 453
447 454
447 455
447 456
447 457
447 458
447 459
447 460
447 461
447 462
447 463
447 464
447 465
447 466
447 467
447 468
447 469
447 470
448 449
448 450
448 451
448 452
448 453
448 454
448 455
448 456
448 457
448 458
448 459
448 460
448 461
448 462
448 463
448 464
448 465
448 466
448 467
448 468
448 469
448 470
449 450
449 451
449 452
449 453
449 454
449 455
449 456
449 457
449 458
449 459
449 460
449 461
449 462
449 463
449 464
449 465
449 466
449 467
449 468
449 469
449 470
450 451
450 452
450 453
450 454
450 455
450 456
450 457
450 458
450 459
450 460
450 461
450 462
450 463
450 464
450 465
450 466
450 467
450 468
450 469
450 470
451 452
451 453
451 454
451 455
451 456
451 457
451 458
451 459
451 460
451 461
451 462
451 463
451 464
451 465
451 466
451 467
451 468
451 469
451 470
452 453
452 454
452 455
452 456
452 457
452 458
452 459
452 460
452 461
452 462
452 463
452 464
452 465
452 466
452 467
452 468
452 469
452 470
453 454
453 455
453 456
453 457
453 458
453 459
453 460
453 461
453 462
453 463
453 464
453 465
453 466
453 467
453 468
453 469
453 470
454 455
454 456
454 457
454 458
454 459
454 460
454 461
454 462
454 463
454 464
454 465
454 466
454 467
454 468
454 469
454 470
455 456
455 457
455 458
455 459
455 460
455 461
455 462
455 463
455 464
455 465
455 466
455 467
455 468
455 469
455 470
456 457
456 458
456 459
456 460
456 461
456 462
456 463
456 464
456 465
456 466
456 467
456 468
456 469
456 470
457 458
457 459
457 460
457 461
457 462
457 463
457 464
457 465
457 466
457 467
457 468
457 469
457 470
458 459
458 460
458 461
458 462
458 463
458 464
458 465
458 466
458 467
458 468
458 469
458 470
459 460
459 461
459 462
459 463
459 464
459 465
459 466
459 467
459 468
459 469
459 470
460 461
460 462
460 463
460 464
460 465
460 466
460 467
460 468
460 469
460 470
461 462
461 463
461 464
461 465
461 466
461 467
461 468
461 469
461 470
462 463
462 464
462 465
462 466
462 467
462 468
462 469
462 470
463 464
463 465
463 466
463 467
463 468
463 469
463 470
464 465
464 466
464 467
464 468
464 469
464 470
465 466
465 467
465 468
465 469
465 470
466 467
466 468
466 469
466 470
467 468
467 469
467 470
468 470
469 470
471 472
471 2640
471 2641
472 3246
472 1752
472 1750
472 1911
473 874
473 802
473 279
473 9
473 3126
474 691
474 337
474 894
474 895
474 184
474 1217
474 1218
474 2949
474 2950
474 8
474 902
476 477
478 479
478 386
478 2089
478 3026
478 3027
480 482
480 489
480 692
480 3098
481 482
483 480
483 482
484 485
484 486
485 486
485 491
485 1060
485 46
485 1222
485 686
485 64
485 3247
485 7
485 1482
487 1669
487 3248
487 3249
487 1998
487 1999
488 480
488 489
488 3098
490 485
491 485
492 1957
492 2323
492 3127
493 3127
493 3127
493 3126
494 495
494 279
494 496
494 3126
495 279
495 496
497 498
497 499
498 499
499 3140
499 1248
499 272
499 272
499 254
499 254
499 3127
500 3161
500 3162
501 502
501 503
501 3126
502 532
502 533
502 534
502 535
502 503
502 536
502 537
503 536
503 537
504 505
504 506
505 506
505 3162
505 78
506 3162
506 78
507 504
507 505
507 506
508 505
508 506
508 3162
510 3162
510 78
512 513
512 514
512 515
512 516
514 515
514 516
515 516
517 505
517 506
517 78
518 519
518 520
518 521
518 522
518 523
518 524
518 525
518 526
518 527
518 528
518 529
518 530
518 531
518 502
518 532
518 533
518 534
518 535
518 503
518 536
518 537
519 520
519 521
519 524
519 522
519 523
519 538
519 525
519 526
519 527
519 528
519 539
519 529
519 530
519 540
519 531
519 541
519 542
519 502
519 532
519 533
519 534
519 535
519 503
519 536
519 537
519 1939
520 521
520 524
520 522
520 523
520 543
520 538
520 525
520 526
520 527
520 539
520 528
520 529
520 530
520 540
520 531
520 541
520 542
520 502
520 532
520 533
520 534
520 535
520 503
520 536
520 537
520 3250
520 1939
521 522
521 523
521 524
521 525
521 526
521 527
521 528
521 529
521 530
521 531
521 502
521 532
521 533
521 534
521 535
521 503
521 536
521 537
522 523
522 524
522 543
522 538
522 525
522 526
522 527
522 539
522 528
522 529
522 530
522 540
522 531
522 541
522 542
522 502
522 532
522 533
522 534
522 535
522 503
522 536
522 537
522 3250
522 1939
523 524
523 543
523 538
523 525
523 526
523 527
523 539
523 528
523 529
523 530
523 540
523 531
523 541
523 542
523 502
523 532
523 533
523 534
523 535
523 503
523 536
523 537
523 3250
523 1939
524 520
524 521
524 522
524 523
524 543
524 538
524 525
524 526
524 527
524 539
524 528
524 529
524 530
524 540
524 531
524 541
524 542
524 502
524 532
524 533
524 534
524 535
524 503
524 536
524 537
524 3250
524 1939
525 527
525 528
525 529
525 530
525 531
525 502
525 532
525 533
525 534
525 537
526 527
526 539
526 528
526 529
526 530
526 540
526 531
526 541
526 542
526 502
526 532
526 533
526 534
526 535
526 503
526 536
526 537
526 3250
526 1939
527 539
527 528
527 529
527 530
527 540
527 531
527 541
527 542
527 502
527 532
527 533
527 534
527 535
527 503
527 536
527 537
527 1939
528 539
528 529
528 530
528 540
528 531
528 541
528 542
528 502
528 532
528 533
528 534
528 535
528 503
528 536
528 537
528 1939
529 530
529 540
529 531
529 541
529 542
529 502
529 532
529 533
529 534
529 535
529 503
529 536
529 537
529 1939
530 540
530 531
530 541
530 542
530 502
530 532
530 533
530 534
530 535
530 503
530 536
530 537
530 3250
530 1939
531 541
531 502
531 532
531 533
531 534
531 535
531 503
531 536
531 537
531 1939
532 533
532 534
532 503
532 536
532 537
533 534
533 535
533 503
533 536
533 537
533 3250
534 535
534 503
534 536
534 537
534 3250
535 503
535 536
535 537
535 3250
536 537
538 525
538 526
538 527
538 539
538 528
538 529
538 530
538 540
538 531
538 541
538 542
538 502
538 532
538 533
538 534
538 535
538 503
538 536
538 537
538 3250
538 1939
539 528
539 529
539 530
539 540
539 531
539 541
539 542
539 502
539 532
539 533
539 534
539 535
539 503
539 536
539 537
539 3250
539 1939
540 531
540 541
540 542
540 502
540 532
540 533
540 534
540 535
540 503
540 536
540 537
540 3250
540 1939
541 542
541 502
541 532
541 533
541 534
541 535
541 503
541 536
541 537
541 1939
542 502
542 532
542 533
542 534
542 535
542 503
542 536
542 537
542 3250
543 524
543 538
543 525
543 526
543 527
543 539
543 528
543 529
543 530
543 540
543 531
543 541
543 542
543 502
543 532
543 533
543 534
543 535
543 503
543 536
543 537
543 3250
543 1939
545 546
547 546
548 844
549 2255
549 378
550 3218
550 3250
550 1482
550 1482
550 1482
550 378
551 3252
551 1441
551 3086
551 1482
552 553
552 554
552 557
552 569
553 554
553 3143
553 787
553 1616
553 409
553 1340
553 2080
553 3028
555 556
557 558
557 569
557 1482
559 561
559 563
559 565
560 561
560 234
560 562
560 563
560 564
560 20
560 565
560 566
560 1304
560 378
562 560
562 563
562 564
562 20
562 565
562 566
562 2444
563 564
563 20
563 565
564 20
564 565
564 566
565 20
565 566
566 1096
566 1971
566 383
566 2215
566 197
566 2247
566 2924
566 3232
567 3141
567 559
567 560
567 561
567 234
567 562
567 563
567 564
567 20
567 565
567 566
567 844
567 125
567 3253
567 3093
567 1304
567 1482
568 563
568 565
569 92
569 570
569 206
569 571
569 572
570 206
570 571
570 572
570 569
571 572
571 569
572 569
573 574
573 92
573 575
573 279
576 236
576 1460
576 2662
576 3186
576 2855
576 207
576 3031
576 244
576 2358
576 1234
576 8
576 902
576 272
576 1482
576 3126
577 548
577 695
577 957
577 3254
577 1344
577 3137
577 833
577 254
578 579
578 580
579 2167
579 2173
579 2174
579 3011
579 3255
579 254
579 3127
581 279
581 2341
581 111
581 2342
581 2343
581 2344
581 2345
581 2330
581 2349
581 2346
581 2347
581 2329
581 2348
581 171
581 210
581 2351
581 3050
581 8
581 272
582 254
583 585
583 92
583 1649
583 1650
583 1651
584 583
584 585
584 129
584 92
584 2250
584 2937
585 92
586 92
586 3141
586 8
586 9
588 597
590 92
591 589
591 590
591 129
591 92
592 589
592 590
592 92
593 92
593 129
593 1597
593 1664
593 3052
593 902
593 272
593 3126
594 1476
594 396
594 254
594 378
594 1482
595 378
596 597
596 3126
598 599
598 600
599 600
603 131
603 254
604 1785
604 3259
604 378
605 623
605 77
605 1094
605 200
605 3185
605 3232
605 2455
605 2456
605 2457
605 2458
605 2459
605 2460
605 2089
605 2687
605 199
605 2789
605 2734
606 3261
606 283
606 3182
606 1079
606 378
606 378
607 3261
607 283
608 1085
608 3262
608 3263
608 2224
608 2225
608 1068
608 92
608 2044
608 2831
608 2832
608 2883
608 272
608 1482
609 201
609 202
610 201
610 202
610 611
612 1152
612 1153
612 8
612 1482
614 615
614 143
614 616
615 143
615 616
616 1517
616 1516
616 1482
617 2150
617 844
617 1172
617 852
617 2151
617 2152
617 1480
617 787
617 816
617 2153
617 132
617 2155
617 1534
617 2156
617 2157
617 9
617 3127
617 3127
617 3127
617 3126
618 619
618 620
618 1668
618 1669
619 620
621 1658
621 3203
621 254
621 254
622 3265
623 624
624 1664
624 3050
624 3127
625 392
625 626
625 1
627 681
627 2573
629 630
629 1880
630 282
631 628
631 378
632 3126
633 1
633 3119
633 3120
634 3119
635 646
635 647
635 648
635 254
637 3127
638 662
639 640
639 641
639 169
639 644
639 643
639 324
639 3117
640 641
640 9
642 641
642 639
642 324
643 169
643 644
643 353
643 645
643 132
643 656
643 662
643 661
643 2052
644 353
644 645
644 671
646 254
647 648
649 650
649 326
650 326
651 650
651 326
651 672
654 653
654 655
654 75
654 1420
656 657
657 3143
657 757
657 783
657 279
657 3144
657 1835
657 198
657 2387
657 2388
657 2394
657 2125
657 1131
657 2428
657 2429
657 2389
657 9
657 3126
657 3126
660 658
660 659
661 132
661 296
661 2894
661 9
661 254
663 3266
663 2035
663 2037
663 2036
663 2466
664 3267
664 1288
664 3143
664 2720
664 1676
664 3014
664 974
664 3006
664 3015
664 254
664 254
665 666
665 667
666 667
668 669
668 673
670 669
670 644
670 671
670 668
670 254
673 758
674 676
675 674
675 676
675 2319
677 678
677 679
680 49
680 686
680 1968
681 3231
681 688
681 692
681 695
681 3085
682 683
682 684
682 186
682 685
682 686
682 125
683 686
684 186
684 685
684 686
684 125
685 686
685 125
686 1158
687 3176
687 2678
687 1640
687 2679
687 2680
687 3177
689 690
689 1675
689 1673
691 692
691 391
691 3130
691 2407
691 925
691 2748
691 2747
691 1510
691 3057
691 8
691 1482
691 1482
691 1482
691 378
691 378
691 3126
692 1300
692 1303
692 64
692 1237
692 2294
692 2787
692 254
693 55
693 1037
693 1331
693 2454
694 695
694 819
694 820
694 821
696 695
696 1234
696 3133
696 3116
697 902
699 124
699 3268
699 902
700 691
700 78
700 7
700 1482
701 702
703 701
703 702
704 705
704 988
704 132
704 1033
704 889
704 1643
704 198
707 859
707 866
707 404
707 3140
707 1046
707 1020
707 1245
707 1257
707 1266
707 787
707 1400
707 889
707 2542
707 2505
707 2504
707 132
707 378
708 709
710 816
710 813
711 758
711 759
711 773
711 3270
711 3143
711 8
711 3117
713 3097
714 3271
717 716
718 719
718 816
721 270
721 1736
722 132
723 400
723 3163
724 400
724 3163
724 2798
724 2799
725 1482
726 727
728 250
728 78
728 87
728 1464
728 1922
732 1104
732 1109
732 245
732 1296
732 1405
732 1406
732 1
732 3125
732 353
732 7
732 825
732 3272
732 2603
732 2623
732 2624
732 2625
732 3068
732 3070
732 902
733 866
733 974
733 973
733 1392
733 1927
733 172
734 132
734 378
735 844
735 2096
735 2432
738 739
738 740
741 418
741 1
741 170
741 742
741 743
742 743
743 1
744 742
744 743
745 746
745 3126
746 203
746 395
746 3193
746 1706
746 1707
746 1708
746 2505
746 707
746 902
746 3274
747 748
747 185
747 1140
747 2553
748 185
748 2722
748 2724
749 1482
751 3185
751 752
751 753
751 399
751 754
752 753
752 399
752 754
752 246
752 1234
753 8
753 657
758 759
758 3143
758 765
758 711
758 770
758 132
758 756
758 783
758 3050
758 8
758 3127
758 3127
758 3127
758 378
760 758
760 759
761 758
761 759
761 1408
762 758
762 759
762 2487
763 764
763 758
763 3143
764 3143
764 758
764 771
764 775
764 778
764 780
764 781
764 732
764 782
764 378
766 767
766 1057
766 623
766 1106
766 1296
766 2027
766 2107
766 2108
766 2109
766 2110
766 2125
766 2126
766 2124
766 2104
766 2111
766 1134
766 2163
766 2180
766 2181
766 2267
766 657
766 2438
766 2194
766 3275
766 2710
766 3276
766 3164
766 2385
766 2261
766 169
766 926
766 3039
766 3138
766 3150
766 3126
766 254
766 378
767 784
768 228
768 1829
768 1169
768 1830
768 1831
768 1832
768 1833
768 670
768 3072
768 902
769 758
769 711
769 8
771 773
772 711
772 773
772 2545
774 773
776 777
776 3189
776 764
776 778
777 3189
777 778
779 758
779 3050
781 732
782 803
782 804
785 786
785 3143
785 787
786 787
787 1097
787 1399
787 853
787 1480
787 9
788 3143
788 787
789 790
789 3143
790 3143
791 9
792 2846
793 3095
796 798
797 780
797 782
797 798
797 756
799 756
800 801
802 782
802 803
802 804
802 805
803 804
803 805
804 805
805 806
805 1768
805 3277
805 3143
805 2622
805 2629
806 782
806 803
806 804
806 805
806 1115
806 78
806 7
806 1487
806 1489
806 124
806 1748
806 1939
806 3237
806 1940
806 1941
806 825
806 272
808 9
809 818
809 279
810 811
810 812
810 813
810 814
810 815
811 814
811 815
812 813
812 814
812 815
813 814
813 815
813 710
813 816
814 815
816 813
816 871
816 872
816 873
816 279
816 2064
816 2065
816 2066
816 2067
816 2153
816 1400
816 2505
816 2504
816 132
816 2744
816 9
816 272
817 3274
818 279
819 820
822 821
822 1963
822 1958
822 1964
822 2244
822 1223
822 1303
822 2631
822 2632
822 2224
822 3278
822 8
822 272
822 3127
822 3127
822 378
822 378
822 3126
822 3126
822 1482
822 1482
823 952
825 824
825 842
825 207
825 3147
825 61
825 1385
825 473
825 1745
825 732
825 1939
825 1940
825 1941
825 806
825 3237
825 2235
825 2907
825 1723
825 3061
825 8
825 902
825 3138
825 272
825 272
825 3190
825 3126
827 1014
827 1015
827 378
829 1104
829 1108
830 831
830 1396
832 2205
832 2206
832 2207
832 2125
832 2208
833 836
833 2059
833 1591
833 228
833 2061
833 378
833 254
833 3127
835 691
837 838
837 1172
837 1388
837 3228
837 1006
837 1011
837 858
837 1540
837 2501
839 735
839 844
839 2231
839 1046
839 2400
839 2401
839 1184
839 883
839 132
839 3126
839 3127
840 986
840 987
840 988
840 234
840 3280
840 1212
840 1592
840 271
840 1593
840 1
840 1883
840 3139
840 1998
840 1999
840 1482
841 238
841 3126
842 207
842 3147
842 61
842 2141
842 122
842 2144
842 2145
842 1297
842 2146
842 3276
842 902
843 844
844 818
844 809
844 2917
844 3281
844 2948
844 3282
844 2744
844 3126
845 844
845 198
845 1341
845 1643
845 9
847 839
847 1244
847 1490
847 985
847 2240
847 2392
847 9
848 136
848 9
850 851
850 852
851 853
852 880
852 1237
852 473
852 1397
852 1400
852 1499
852 883
852 985
852 2041
852 2137
852 2150
852 844
852 132
852 839
852 200
852 2512
852 2556
852 2633
852 2634
852 1118
852 1480
852 2940
852 378
852 378
852 378
852 3127
852 3127
852 254
854 1442
854 2395
854 2396
855 567
855 844
855 1148
855 1528
855 985
855 1529
855 1530
855 1531
855 323
855 9
856 3127
856 254
858 3199
858 1538
858 1539
858 837
858 3228
858 1006
858 1011
858 1540
858 2534
859 844
859 3171
859 3127
860 414
860 733
860 866
860 1243
860 974
860 973
860 1392
860 1927
860 172
861 768
861 414
861 1634
861 889
862 863
862 861
862 1128
862 1252
862 9
862 1772
862 3044
862 3127
862 1482
864 404
864 938
864 3140
864 975
864 707
864 1029
864 1028
864 3283
864 1030
864 1031
864 1025
864 3284
865 860
865 414
865 404
867 868
867 1069
867 1377
869 868
869 1276
870 1671
871 872
871 873
871 1399
872 873
872 871
873 871
875 874
875 132
875 882
875 1482
876 887
876 888
876 254
877 768
877 1278
877 9
878 3285
879 852
879 880
879 3286
881 852
881 880
882 787
882 378
883 884
884 132
884 985
884 1265
884 1237
885 839
885 802
888 876
888 3126
889 1494
891 892
891 900
891 337
891 623
891 1169
891 3287
893 474
893 894
893 337
893 897
893 184
893 898
893 251
893 1
893 895
893 386
893 902
894 337
894 474
897 898
897 251
897 337
897 474
898 251
898 337
898 1
898 474
898 184
898 3287
898 1169
899 897
899 898
899 251
899 337
899 1
899 474
899 3126
900 337
901 2765
901 2904
901 272
902 3173
902 228
902 207
902 208
902 720
902 337
902 894
902 474
902 897
902 898
902 251
902 1066
902 1084
902 1154
902 1168
902 3266
902 1292
902 3240
902 1546
902 3228
902 1707
902 46
902 1811
902 1812
902 1319
902 1813
902 1814
902 1817
902 1939
902 1940
902 1941
902 806
902 3237
902 1942
902 1943
902 1088
902 1944
902 1945
902 3290
902 1994
902 2072
902 123
902 2088
902 2144
902 2146
902 210
902 2326
902 2329
902 2327
902 111
902 1046
902 2405
902 2408
902 2411
902 2417
902 2422
902 2423
902 132
902 2424
902 2384
902 2167
902 1188
902 883
902 735
902 2435
902 2436
902 2438
902 2194
902 3291
902 2585
902 3279
902 3064
902 3083
902 59
902 76
902 4
902 8
902 3138
902 254
902 254
902 378
904 905
904 3292
905 3292
906 3292
907 3293
907 95
908 909
908 1319
908 1320
908 1321
909 911
909 313
910 909
910 911
910 313
911 313
912 913
912 914
912 889
912 816
912 3127
913 914
915 916
915 902
916 473
916 948
916 902
918 732
918 272
919 1
920 686
921 922
921 198
922 198
923 924
925 125
925 1779
925 1780
925 144
925 1956
925 902
926 927
926 928
926 131
926 2075
926 3294
926 2796
926 8
927 928
929 928
929 1488
929 1487
931 930
931 2090
931 2091
931 3295
931 3253
932 404
932 147
932 1455
934 378
935 936
935 3126
936 3126
937 974
938 3140
939 3245
939 378
941 942
942 2232
942 3003
944 1727
944 2993
945 946
945 254
949 137
949 95
949 961
949 816
949 8
951 137
951 949
951 961
952 378
953 240
953 954
953 2186
953 208
953 210
953 2329
953 2327
953 111
953 977
953 2455
953 2456
953 2457
953 2458
953 2459
953 2460
953 2465
953 2484
953 2485
953 254
954 3298
955 956
955 957
955 3187
955 254
962 902
963 3121
963 964
965 966
965 213
966 213
967 3126
969 2862
969 378
969 1482
970 78
972 404
972 973
973 1392
974 404
974 973
974 1392
974 1927
974 172
974 1669
974 3248
974 3249
974 840
974 1998
974 1999
974 3010
974 3006
974 3015
975 707
975 3140
975 1245
976 1482
977 978
977 1974
977 3300
977 2329
977 210
977 2714
979 980
979 3140
979 405
979 981
979 61
979 707
979 704
979 132
979 1033
979 889
979 975
979 1245
979 1584
979 3091
980 3140
980 405
982 3126
983 883
983 992
984 883
985 818
985 1529
985 1530
985 1531
985 844
985 1276
985 994
985 3085
986 987
986 272
987 989
987 234
988 1896
989 987
990 987
990 989
990 234
990 806
990 1115
990 78
990 7
991 228
991 983
991 992
991 995
991 272
992 272
993 228
993 983
993 992
993 1334
993 1472
993 272
996 997
996 998
996 999
997 998
997 999
997 664
997 3143
998 999
999 2379
999 2381
999 1270
1003 1002
1005 1004
1005 49
1005 1605
1005 3157
1006 1007
1006 78
1006 1010
1006 1011
1006 1012
1006 1013
1006 858
1006 1540
1006 3194
1007 78
1008 1007
1008 78
1008 1009
1008 839
1008 657
1008 3303
1008 2635
1008 3304
1011 858
1011 1540
1014 1015
1016 131
1016 1017
1016 2906
1016 8
1016 902
1019 1018
1019 378
1019 254
1021 3306
1021 61
1023 1024
1026 1023
1026 1024
1026 1025
1026 1141
1026 1143
1026 1142
1026 1203
1026 729
1026 2573
1026 9
1026 3127
1026 254
1027 3127
1028 3283
1028 1030
1028 1031
1028 1025
1030 1025
1031 1025
1032 3283
1032 1030
1032 1031
1032 1025
1033 889
1033 1250
1033 1251
1033 1260
1034 1035
1037 1038
1037 3305
1037 2059
1037 123
1037 3090
1038 3305
1038 1037
1038 3090
1039 1040
1039 3140
1040 3140
1040 3089
1041 3140
1041 404
1041 3089
1043 1044
1044 1482
1046 2400
1046 2401
1046 1184
1046 883
1047 1048
1049 8
1049 902
1050 1051
1050 891
1050 1052
1050 1803
1050 902
1051 891
1051 902
1053 1761
1053 902
1054 1053
1054 3139
1055 1057
1055 623
1055 1736
1055 1818
1055 1816
1055 1817
1055 197
1055 1812
1055 1319
1055 1813
1055 1814
1055 902
1055 378
1055 378
1055 1482
1057 623
1057 3127
1058 61
1059 485
1059 1060
1061 7
1062 3187
1062 7
1062 125
1062 8
1062 64
1062 1848
1062 1849
1062 1850
1062 3308
1062 1851
1062 1852
1062 272
1063 1064
1063 7
1064 7
1065 816
1065 2776
1065 254
1067 840
1067 254
1070 1071
1070 1072
1070 254
1070 3018
1070 3309
1070 3310
1070 3129
1070 3311
1070 825
1070 1723
1070 3085
1070 3138
1070 3190
1070 3127
1071 1072
1071 3085
1072 3085
1073 132
1074 132
1075 985
1075 9
1076 365
1076 1077
1078 1077
1079 3182
1081 1080
1081 1726
1082 553
1082 1556
1082 1557
1082 1555
1082 1558
1085 925
1085 3138
1086 1085
1086 1636
1086 1638
1086 9
1087 1085
1087 132
1088 1944
1088 1943
1088 1939
1088 1940
1088 1941
1088 806
1088 3237
1088 1482
1089 553
1089 197
1089 1496
1092 1093
1095 902
1095 3126
1095 378
1099 1100
1102 1103
1102 3136
1103 3136
1105 1104
1105 132
1107 245
1109 1810
1111 1110
1111 1116
1111 1591
1111 111
1111 1171
1111 840
1111 1212
1111 1592
1111 271
1111 1593
1111 60
1112 1113
1112 1114
1113 1114
1116 1591
1116 111
1116 1171
1116 840
1116 1212
1116 1592
1116 271
1116 1593
1116 3085
1116 8
1117 818
1117 1482
1117 1482
1119 970
1119 78
1121 64
1121 1647
1122 7
1122 1436
1122 1437
1124 7
1125 1126
1125 1127
1126 1127
1127 1880
1129 132
1129 787
1129 2047
1129 2048
1129 2743
1131 3312
1131 657
1133 1134
1134 1264
1134 2062
1134 2138
1134 884
1135 1283
1137 1136
1138 844
1138 1139
1138 1663
1140 1139
1140 473
1140 2553
1143 3127
1146 1147
1148 1147
1149 1150
1149 1046
1149 853
1149 3078
1150 1046
1151 1395
1151 839
1151 9
1152 612
1152 1383
1152 2073
1152 822
1152 2953
1152 1480
1153 612
1155 632
1156 1157
1156 686
1157 686
1159 364
1161 1160
1161 1163
1165 132
1165 9
1167 1168
1167 1892
1167 1893
1167 1894
1167 902
1169 1830
1169 1832
1169 1833
1169 670
1169 3072
1170 1169
1170 1673
1170 1831
1170 1832
1170 1833
1170 670
1170 1835
1170 657
1170 198
1170 1859
1170 1860
1170 3072
1170 3085
1170 9
1170 3126
1171 1172
1171 840
1171 1212
1171 1592
1171 271
1171 1593
1172 2150
1172 844
1174 240
1174 137
1174 961
1175 3127
1176 3125
1177 1178
1178 3289
1179 378
1181 238
1181 1725
1181 3197
1181 3127
1183 1182
1183 1186
1185 1184
1185 378
1187 1186
1189 1190
1189 1609
1191 1192
1191 1193
1192 1193
1192 1482
1194 1192
1194 1193
1197 1198
1197 3316
1197 1199
1198 3316
1198 1199
1200 1201
1202 1200
1202 1201
1203 3050
1204 137
1204 809
1205 1820
1205 1821
1205 3073
1206 1303
1207 198
1207 3126
1208 817
1208 3274
1209 378
1211 867
1211 1210
1211 385
1212 3280
1212 1592
1212 271
1212 1593
1212 2045
1212 2046
1213 205
1213 474
1213 1670
1214 132
1214 1482
1215 1216
1215 474
1215 1217
1215 1218
1215 1219
1215 624
1215 176
1215 3127
1216 474
1216 1217
1216 1218
1216 1219
1220 1219
1220 624
1220 1326
1220 1327
1220 1328
1221 1222
1222 1569
1222 7
1222 64
1222 583
1222 1650
1222 1651
1222 1647
1222 2696
1223 378
1224 61
1224 1225
1224 8
1226 1227
1226 818
1226 1229
1228 8
1228 1226
1228 818
1229 8
1230 1231
1230 1232
1231 1232
1232 855
1233 1234
1233 1235
1233 3147
1233 8
1233 9
1234 1235
1234 3147
1234 2535
1234 2516
1234 3037
1234 78
1234 8
1236 93
1236 378
1236 1482
1238 1239
1238 1240
1239 1240
1240 1324
1240 348
1240 1845
1241 651
1241 1242
1241 187
1241 1482
1241 254
1246 1274
1246 884
1247 499
1247 3140
1247 272
1249 1033
1249 1637
1249 1341
1250 1251
1253 1254
1253 1255
1254 1255
1256 1257
1256 877
1256 1264
1258 818
1258 1482
1259 1258
1259 877
1261 1033
1261 3274
1262 1263
1262 3226
1263 3226
1264 830
1265 1266
1267 1266
1267 3177
1268 1269
1268 1553
1268 3318
1268 3085
1270 228
1270 1033
1270 2381
1271 228
1271 1033
1271 1439
1271 1715
1271 758
1273 787
1273 877
1273 1278
1274 884
1275 227
1276 1277
1276 855
1276 1658
1276 1635
1276 809
1276 254
1276 1482
1279 1280
1279 1482
1280 1391
1281 272
1282 1283
1282 485
1282 3320
1282 2505
1282 3077
1282 8
1282 1304
1283 1135
1284 691
1285 691
1285 1288
1286 2612
1286 279
1287 664
1287 1288
1287 839
1288 2247
1288 2244
1289 3155
1289 2097
1289 2098
1289 844
1289 2096
1290 1291
1290 2766
1290 2767
1290 2768
1290 8
1290 9
1292 1758
1292 1389
1294 357
1295 919
1295 1
1297 3130
1297 2146
1298 1299
1298 1300
1300 1303
1301 1300
1301 1303
1302 1303
1302 1492
1302 1623
1303 818
1304 1305
1304 3125
1304 3198
1304 290
1304 291
1304 271
1304 334
1304 350
1304 131
1304 351
1304 561
1304 234
1304 562
1304 560
1304 563
1304 564
1304 20
1304 565
1304 566
1304 583
1304 92
1304 742
1304 743
1304 1
1304 9
1304 900
1304 337
1304 910
1304 3236
1304 909
1304 911
1304 313
1304 968
1304 1056
1304 686
1304 387
1304 414
1304 1196
1304 1217
1304 169
1304 1302
1304 125
1304 1485
1304 1344
1304 1504
1304 1661
1304 3322
1304 3202
1304 485
1304 1764
1304 1392
1304 2004
1304 2006
1304 2076
1304 2043
1304 2266
1304 2291
1304 2290
1304 2434
1304 2438
1304 2194
1304 2452
1304 199
1304 2117
1304 283
1304 3213
1304 2920
1304 3024
1304 632
1304 3048
1304 3049
1304 3323
1304 1164
1304 3077
1304 272
1304 378
1304 254
1304 254
1304 254
1304 3127
1304 3127
1304 1482
1304 3126
1306 1307
1306 1308
1307 1308
1309 1310
1311 1312
1311 1313
1311 1314
1312 1313
1312 1314
1316 272
1316 3116
1317 1318
1317 272
1317 3116
1318 272
1318 3116
1319 1320
1319 1321
1319 1813
1319 1814
1319 279
1319 2368
1319 883
1320 1321
1320 378
1323 3127
1323 3126
1323 1482
1324 348
1325 1328
1326 1327
1326 1328
1327 1328
1329 1325
1329 93
1329 1326
1329 1327
1329 1328
1330 1220
1330 1326
1330 1327
1330 1328
1330 2713
1330 2907
1330 8
1332 1037
1332 1331
1333 1037
1333 1331
1335 1237
1336 1335
1336 1237
1336 707
1336 1341
1336 1098
1336 272
1336 1482
1337 9
1337 1338
1339 1340
1339 9
1341 1632
1342 1222
1342 378
1343 2430
1343 2631
1343 3065
1343 902
1343 272
1343 3127
1346 3127
1346 3126
1347 1348
1347 1349
1347 1350
1349 1350
1349 1357
1351 1348
1351 1349
1351 1350
1351 1357
1352 1353
1352 3180
1352 1354
1353 3180
1353 1354
1355 1354
1356 3180
1356 1354
1356 254
1358 1357
1358 1482
1360 1359
1360 3127
1361 1362
1361 3241
1361 1363
1361 1364
1361 3156
1361 1365
1361 1366
1361 1367
1361 374
1361 3
1362 3241
1362 1363
1362 1364
1362 3156
1362 1365
1362 1366
1362 1367
1362 374
1362 3
1362 2466
1362 3326
1363 3156
1363 3241
1363 1365
1363 1366
1363 1367
1363 374
1363 3
1364 3156
1364 3241
1364 1365
1364 1366
1364 1367
1364 374
1364 3
1365 1366
1365 1367
1365 374
1365 3
1366 1367
1366 374
1366 3
1367 374
1367 3
1369 3236
1369 624
1370 1371
1370 1372
1371 1372
1371 1258
1373 1374
1373 3327
1373 1375
1373 566
1374 3327
1374 1375
1374 566
1374 2994
1375 566
1375 1847
1375 3276
1375 2786
1376 1343
1376 2034
1376 2035
1376 2036
1376 2037
1376 926
1376 2063
1376 2189
1376 953
1376 208
1376 1956
1376 3329
1376 3330
1376 2455
1376 2456
1376 2457
1376 2458
1376 2459
1376 2460
1376 2466
1376 3326
1376 2665
1376 2664
1376 3186
1376 2667
1376 576
1376 2946
1376 337
1376 1495
1376 2970
1376 8
1376 1482
1376 378
1376 378
1376 254
1378 1380
1379 1380
1379 254
1381 1382
1381 2980
1381 2981
1381 2982
1381 8
1381 254
1382 2333
1382 210
1384 1624
1385 1386
1385 1387
1386 1387
1386 316
1388 837
1388 473
1388 1391
1390 324
1390 254
1392 1393
1392 1130
1392 1927
1392 172
1392 378
1393 1130
1396 844
1397 1398
1397 852
1397 272
1398 852
1399 853
1400 2505
1400 2504
1401 1400
1402 1276
1404 1405
1404 1406
1405 1406
1407 254
1407 321
1410 1411
1410 1409
1411 1409
1412 1413
1412 1414
1412 254
1414 3236
1414 3279
1414 2442
1415 1416
1415 1417
1415 1418
1415 1419
1416 1418
1416 1419
1417 1418
1417 1419
1418 1419
1421 686
1421 64
1424 1
1424 1425
1426 2235
1426 2847
1427 1428
1429 1430
1429 1431
1429 1432
1429 1433
1430 1432
1431 1432
1431 1433
1434 1430
1434 1431
1434 1432
1434 1433
1434 1692
1435 902
1435 3127
1436 1437
1436 3126
1438 692
1438 64
1439 1715
1443 1442
1443 2891
1444 282
1444 1445
1446 837
1447 1448
1447 1449
1448 1449
1451 1450
1451 1448
1451 1449
1452 1453
1453 147
1453 1
1454 1431
1454 1258
1456 1457
1456 1458
1457 1458
1460 3242
1460 1560
1460 1561
1460 1562
1460 1563
1460 1555
1460 1962
1460 586
1460 2266
1460 766
1460 3068
1465 1466
1465 1467
1465 1468
1465 1469
1465 1470
1465 3085
1466 1467
1466 1468
1466 1469
1466 1470
1467 1468
1467 1469
1467 132
1467 1470
1467 3085
1468 1469
1468 1470
1468 3085
1469 1470
1469 132
1469 3085
1471 1480
1473 1474
1475 1476
1475 1460
1475 2779
1477 1476
1478 1479
1479 3126
1481 3082
1481 3084
1482 1719
1482 3082
1482 3083
1482 3084
1482 25
1482 3109
1482 132
1482 132
1482 378
1482 378
1482 378
1482 378
1482 378
1482 378
1482 378
1482 378
1482 378
1482 378
1482 378
1482 378
1482 378
1482 378
1482 378
1482 378
1482 378
1482 378
1482 378
1482 150
1482 157
1482 160
1482 160
1482 245
1482 254
1482 254
1482 254
1482 254
1482 254
1482 254
1482 254
1482 254
1482 254
1482 254
1482 254
1482 254
1482 254
1482 254
1482 254
1482 254
1482 254
1482 254
1482 254
1482 254
1482 902
1482 902
1482 902
1482 902
1482 902
1482 902
1482 370
1482 389
1482 1
1482 1
1482 473
1482 473
1482 580
1482 271
1482 627
1482 629
1482 386
1482 3127
1482 3127
1482 3127
1482 3127
1482 3127
1482 3127
1482 3127
1482 3127
1482 3127
1482 3127
1482 3127
1482 3127
1482 657
1482 644
1482 8
1482 8
1482 8
1482 8
1482 8
1482 8
1482 41
1482 731
1482 792
1482 832
1482 836
1482 3293
1482 3126
1482 3126
1482 3126
1482 3126
1482 3126
1482 3126
1482 3126
1482 3126
1482 3126
1482 3126
1482 3126
1482 3126
1482 3126
1482 3126
1482 3126
1482 3126
1482 3297
1482 940
1482 968
1482 986
1482 222
1482 1052
1482 78
1482 1101
1482 1104
1482 842
1482 1120
1482 272
1482 272
1482 272
1482 1160
1482 816
1482 816
1482 485
1482 719
1482 837
1482 994
1482 1409
1482 1439
1482 1463
1482 208
1482 1506
1482 72
1482 3080
1482 1145
1482 1671
1482 1678
1482 1687
1482 1691
1482 1705
1482 1736
1482 954
1482 1871
1482 661
1482 1323
1482 1911
1482 234
1482 1933
1482 1938
1482 1998
1482 1960
1482 1966
1482 408
1482 196
1482 2033
1482 2041
1482 1065
1482 809
1482 2083
1482 2088
1482 567
1482 2112
1482 2139
1482 2161
1482 3289
1482 787
1482 2265
1482 2274
1482 2290
1482 1901
1482 2294
1482 2017
1482 267
1482 321
1482 2458
1482 2224
1482 943
1482 2518
1482 3134
1482 2547
1482 2551
1482 2504
1482 2556
1482 1151
1482 847
1482 2686
1482 2715
1482 2746
1482 2039
1482 1130
1482 2774
1482 2774
1482 2809
1482 2838
1482 985
1482 985
1482 2301
1482 3054
1482 2740
1482 1613
1482 1304
1482 2902
1482 2902
1482 1480
1482 889
1482 1051
1482 2930
1482 2971
1482 3001
1482 2744
1482 172
1482 3333
1482 3044
1482 2616
1482 652
1483 3082
1483 3083
1483 3084
1484 3082
1484 3083
1484 3084
1486 1485
1486 132
1486 1237
1486 1491
1486 847
1486 1490
1486 3126
1486 3126
1487 1488
1487 787
1487 1489
1487 1486
1487 889
1487 1461
1487 3334
1487 1608
1487 1482
1487 378
1487 378
1487 378
1491 847
1491 1490
1492 1623
1492 123
1492 1908
1492 1909
1492 1913
1492 2642
1492 2989
1492 2988
1492 732
1492 3073
1492 8
1492 3127
1493 889
1493 877
1495 2360
1496 2468
1496 576
1496 2751
1496 1602
1496 3214
1496 254
1497 1237
1499 883
1500 8
1501 1500
1501 8
1501 1071
1501 254
1501 657
1501 2141
1501 122
1501 2144
1501 2145
1501 1297
1501 2146
1501 418
1501 902
1502 2565
1502 2504
1502 378
1502 3126
1505 1506
1505 1913
1507 1508
1507 1509
1508 1509
1510 3057
1512 3251
1513 3251
1513 1514
1513 1521
1513 1439
1513 1524
1513 1525
1513 1527
1513 787
1513 1530
1513 1532
1513 1531
1513 844
1513 1390
1513 324
1513 1533
1513 1541
1513 1542
1513 1543
1513 1540
1513 326
1513 3081
1513 3126
1513 3127
1514 3251
1515 1549
1517 1516
1518 1519
1520 657
1520 3144
1520 3240
1520 3227
1520 9
1522 3126
1522 1482
1523 472
1523 3246
1524 1525
1527 787
1528 1530
1528 1531
1529 1530
1529 1531
1529 844
1530 1531
1530 844
1530 2643
1532 1531
1532 844
1534 1533
1534 2156
1534 2157
1534 2868
1535 1536
1535 1537
1535 361
1536 1537
1536 361
1537 361
1538 1539
1538 837
1538 3228
1538 1006
1538 1011
1538 858
1538 1540
1538 2302
1538 378
1540 1914
1540 1915
1540 3139
1540 1443
1540 2891
1540 2902
1540 9
1541 1542
1541 1543
1541 1513
1541 1540
1544 218
1545 3240
1545 1546
1545 3228
1545 902
1546 3240
1546 3228
1547 1548
1547 816
1547 1549
1548 816
1548 1549
1550 1551
1550 1552
1551 1552
1554 279
1554 254
1555 1082
1555 1556
1555 1557
1555 1558
1556 1557
1558 1557
1559 1460
1559 1560
1559 1561
1559 1562
1559 1563
1560 1561
1560 1562
1560 1563
1560 1870
1560 3056
1560 3076
1560 8
1560 3127
1561 1562
1561 1563
1562 1563
1564 1565
1564 1566
1565 1566
1566 378
1566 1482
1567 254
1567 254
1568 3220
1568 3221
1568 2058
1568 179
1568 334
1568 2643
1568 2649
1568 2654
1568 2655
1568 2642
1568 2788
1570 1571
1570 1572
1570 1573
1570 401
1571 1572
1571 1573
1571 401
1572 1573
1572 401
1573 401
1576 2839
1577 1578
1579 1569
1580 1682
1582 9
1582 1482
1583 3247
1584 3205
1584 2848
1584 3337
1584 3338
1584 2849
1584 2850
1584 852
1584 2851
1584 2852
1584 2853
1584 2854
1584 3339
1584 834
1584 272
1584 378
1584 1482
1586 9
1587 1585
1587 3050
1587 3050
1587 3050
1587 9
1588 3164
1588 2070
1588 766
1588 2970
1588 3080
1588 3138
1589 378
1590 1111
1590 1591
1590 111
1590 1171
1590 840
1590 1592
1590 271
1590 1593
1590 1116
1590 1212
1590 8
1591 111
1591 1171
1591 840
1591 1212
1591 1592
1591 271
1591 1593
1591 2059
1591 2061
1591 2069
1591 3262
1592 271
1592 1593
1594 1590
1594 1111
1594 1116
1594 840
1594 1212
1594 1593
1595 236
1595 1596
1598 228
1598 1597
1598 1599
1600 1599
1600 2329
1600 2334
1600 3138
1600 1482
1602 365
1602 1601
1602 3214
1607 1606
1610 1613
1611 1610
1611 1612
1618 2837
1619 1
1620 902
1621 1622
1627 1628
1627 1629
1627 3079
1628 1629
1628 3079
1632 198
1632 1635
1632 1145
1632 75
1632 1636
1632 889
1632 1341
1632 1639
1632 152
1632 1640
1632 1641
1632 1134
1632 1642
1632 1644
1632 1645
1632 1643
1632 9
1632 254
1632 3127
1632 3127
1633 861
1633 1634
1636 9
1639 152
1640 1134
1640 1642
1640 3177
1641 1134
1641 1642
1644 1645
1646 132
1646 1643
1646 9
1648 583
1648 1649
1650 1651
1652 3344
1652 1442
1652 1658
1652 1582
1653 2216
1653 2370
1653 2848
1653 3337
1653 3203
1654 985
1654 852
1654 1553
1654 1656
1654 132
1654 1276
1654 1658
1654 2815
1654 2806
1654 2816
1654 2817
1654 2818
1654 2807
1654 2808
1654 2809
1654 2819
1654 2812
1654 3127
1654 3126
1658 1582
1659 1276
1659 1658
1660 704
1660 1482
1661 3322
1662 367
1662 886
1664 93
1664 1666
1664 3085
1665 208
1665 1739
1665 3185
1665 1740
1665 1741
1665 2830
1667 1668
1667 1669
1668 1669
1669 1668
1669 1670
1669 3249
1669 1998
1669 3248
1669 3125
1669 3346
1672 1673
1672 902
1674 1673
1674 3127
1675 1673
1676 571
1676 664
1676 3143
1676 2301
1676 2870
1676 2868
1676 136
1676 2871
1676 3347
1677 3348
1677 1678
1679 1680
1679 1681
1680 1681
1683 1580
1683 1682
1684 256
1684 216
1685 1728
1685 254
1685 254
1689 2085
1689 2086
1689 2084
1690 9
1690 204
1693 553
1693 1694
1693 1695
1694 1695
1696 2735
1697 576
1697 1282
1697 1751
1697 2967
1698 1282
1699 1700
1699 8
1701 3129
1701 1702
1704 643
1704 2052
1704 2269
1704 254
1706 1707
1706 1708
1706 902
1707 1708
1707 902
1708 902
1709 1710
1709 3078
1709 902
1710 3078
1711 1712
1711 1713
1712 1713
1714 1282
1718 1482
1720 1719
1720 1553
1720 1722
1720 3127
1721 1720
1721 1722
1721 1723
1723 3190
1724 41
1725 3197
1727 3127
1730 1097
1732 3056
1732 3076
1732 3126
1733 1734
1737 270
1737 1736
1740 1741
1740 1743
1741 1740
1741 1742
1741 902
1744 1745
1744 1746
1745 1747
1745 3127
1749 1750
1751 2968
1752 1745
1752 1747
1752 1750
1753 1747
1753 995
1755 1756
1755 1757
1756 1757
1760 1759
1760 132
1761 902
1762 1763
1762 256
1763 256
1765 1766
1765 1767
1766 1767
1768 3277
1769 1770
1769 954
1769 3298
1771 3242
1771 205
1773 1774
1775 1482
1775 254
1776 1777
1778 123
1779 1780
1779 144
1779 2773
1780 144
1781 1782
1781 1783
1782 1783
1784 74
1786 1787
1786 1788
1787 1788
1789 3160
1790 1791
1790 264
1790 1792
1791 264
1791 1792
1793 2058
1793 689
1794 1795
1796 398
1797 1827
1797 1846
1797 1482
1798 1808
1798 1809
1798 1109
1798 1810
1798 3127
1799 1800
1799 1801
1799 1802
1800 1801
1800 1802
1801 1800
1801 1802
1805 1803
1806 1807
1806 1798
1806 1809
1806 1109
1806 1810
1807 1798
1807 1808
1807 1809
1807 1109
1807 1810
1808 1809
1808 1109
1808 1810
1809 1109
1809 1810
1811 1816
1811 1817
1811 1812
1811 1319
1811 1813
1811 1814
1812 1319
1812 1813
1812 1814
1813 1814
1815 1811
1815 1816
1815 1817
1815 1812
1815 1319
1815 1813
1815 1814
1816 1817
1816 1812
1816 1319
1816 1813
1816 1814
1816 1826
1816 1827
1816 1828
1817 1812
1817 1319
1817 1813
1817 1814
1818 1816
1818 1817
1818 197
1818 1812
1818 1319
1818 1813
1818 1814
1818 1843
1818 1844
1818 1845
1818 902
1819 1205
1819 1820
1819 1821
1819 1822
1819 1222
1819 3073
1820 1821
1821 3073
1822 1222
1822 3073
1823 1222
1823 1861
1823 1862
1824 1825
1824 391
1824 228
1824 131
1824 2236
1824 272
1825 228
1825 1836
1825 1837
1825 1838
1826 1827
1826 1828
1827 1828
1827 1846
1828 1827
1829 1169
1829 1830
1829 1832
1829 1833
1829 3072
1830 1833
1830 3072
1831 1832
1831 1833
1831 670
1831 3072
1832 1833
1832 670
1833 670
1834 1170
1834 1831
1834 1832
1834 1833
1834 670
1834 3072
1835 1170
1835 198
1835 9
1836 1837
1837 1838
1839 1825
1839 1836
1839 1837
1839 1838
1841 1842
1841 1459
1841 1853
1842 1459
1843 1845
1844 1845
1847 3276
1847 345
1847 1865
1850 1851
1852 1849
1853 1849
1853 1852
1854 2966
1854 3053
1855 1856
1855 1857
1855 1858
1856 1857
1856 1858
1857 1858
1859 1860
1861 1862
1861 2955
1861 2956
1861 2954
1863 1864
1863 1143
1863 3126
1864 1143
1866 272
1866 3207
1866 3208
1867 1868
1867 1869
1868 1869
1870 2426
1870 2428
1870 2429
1870 2389
1870 2710
1870 2717
1870 3127
1871 2075
1872 392
1872 1873
1874 1875
1877 2563
1877 2505
1878 1877
1878 254
1879 3356
1879 1482
1881 1882
1884 107
1884 6
1885 1886
1885 1887
1886 1887
1888 1889
1888 1890
1889 1890
1891 1928
1891 1929
1891 1930
1892 1893
1894 3046
1894 3138
1895 1443
1896 254
1899 1900
1901 1902
1901 1903
1901 2714
1901 2908
1902 1903
1904 1905
1904 1906
1906 378
1907 1905
1907 1906
1908 1909
1910 3204
1912 1568
1912 3220
1912 3221
1914 3139
1915 3139
1915 9
1916 1915
1916 3139
1916 9
1917 3139
1917 1964
1918 1919
1918 1920
1920 1918
1920 1919
1921 1918
1921 1919
1924 2398
1925 1923
1927 172
1928 1929
1928 1930
1932 234
1932 74
1932 2687
1935 1934
1935 694
1937 1938
1938 2587
1938 127
1938 2588
1939 1940
1939 1941
1939 806
1939 3237
1939 1942
1939 1943
1939 1088
1939 1944
1939 1945
1939 542
1939 502
1939 532
1939 533
1939 534
1939 535
1939 503
1939 536
1939 537
1939 3250
1940 1941
1940 806
1940 1939
1940 3237
1941 806
1941 1939
1941 3237
1941 707
1941 825
1941 272
1942 1943
1942 1088
1942 1944
1942 1939
1942 1940
1942 1941
1942 806
1942 3237
1943 1088
1943 1944
1943 1939
1943 1940
1943 1941
1943 806
1943 3237
1943 2255
1943 2256
1943 1669
1943 3126
1944 1943
1944 1939
1944 1940
1944 1941
1944 806
1944 3237
1945 3237
1945 1939
1945 1940
1945 1941
1945 806
1946 3237
1946 1939
1946 1940
1946 1941
1946 806
1946 902
1947 1949
1947 1950
1947 1952
1947 378
1948 1947
1948 1949
1948 1950
1948 1951
1948 305
1948 3127
1949 480
1949 3125
1950 3130
1950 1676
1951 2005
1952 1998
1953 1955
1953 3120
1954 2534
1954 3126
1955 3237
1956 3345
1956 822
1956 1964
1956 3360
1956 3361
1956 2676
1956 8
1956 9
1957 2081
1957 2297
1957 2298
1957 2323
1957 3127
1958 822
1958 1960
1959 822
1959 1961
1959 1174
1959 1962
1959 3362
1960 822
1960 1963
1960 1958
1961 1174
1961 3362
1963 1958
1965 359
1965 1964
1967 1968
1967 3127
1969 1970
1969 1971
1970 1971
1971 816
1971 2800
1972 1973
1975 1974
1975 254
1976 1977
1976 1978
1976 279
1976 3365
1977 1978
1977 279
1977 3365
1978 279
1979 1980
1979 172
1979 2328
1979 106
1979 2329
1979 2330
1979 2331
1979 210
1979 2326
1979 953
1979 2327
1979 111
1979 977
1979 902
1980 1994
1980 1992
1981 1980
1982 1981
1982 1980
1983 1985
1984 1983
1984 1985
1984 210
1984 2333
1986 1983
1986 1985
1986 2333
1986 210
1987 1983
1987 1985
1987 1382
1987 2329
1987 210
1987 2333
1988 1989
1990 1980
1991 3262
1992 1993
1994 1980
1994 1992
1994 1997
1994 1669
1994 3249
1994 1998
1994 1995
1994 3366
1994 2004
1994 2006
1994 2011
1994 2010
1994 374
1994 1996
1994 2016
1994 3290
1994 902
1994 1304
1994 3235
1995 3366
1995 3215
1995 2001
1995 1994
1995 3153
1995 2016
1995 1996
1995 3235
1996 3367
1996 2016
1996 3235
1997 1669
1997 3249
1997 1998
1998 3249
1998 1994
1998 1999
1998 3228
1998 3250
2000 3368
2000 1669
2000 3248
2000 3249
2000 1998
2000 1999
2001 3366
2001 1994
2001 1995
2001 1993
2001 3215
2001 3237
2001 3346
2002 2003
2002 2013
2002 3215
2002 1995
2002 1994
2002 8
2002 1304
2003 1994
2003 2004
2003 2483
2003 3369
2003 3370
2003 1304
2004 2003
2004 2005
2004 1994
2004 2006
2004 2774
2004 3153
2004 1367
2004 1304
2005 1994
2005 2004
2005 3305
2005 1304
2007 2008
2007 2009
2007 2010
2008 2009
2008 2010
2008 2011
2009 2010
2009 2011
2010 2011
2011 2010
2012 2011
2012 2010
2014 1994
2014 1996
2014 3367
2015 2016
2015 3235
2016 2017
2016 3153
2016 1994
2016 1995
2016 1996
2016 858
2016 3235
2017 3153
2017 1994
2017 1995
2017 2016
2017 1996
2017 3235
2018 2261
2019 2020
2019 2021
2020 2021
2022 2901
2022 3126
2022 254
2023 833
2023 579
2023 2173
2023 2174
2023 2405
2023 378
2024 566
2024 2796
2024 1482
2025 2028
2025 2029
2025 378
2027 566
2027 472
2027 3318
2027 2171
2027 2247
2027 2657
2030 2029
2030 2610
2031 3068
2031 3070
2032 2030
2032 2027
2032 2171
2032 2247
2032 2657
2032 343
2034 2035
2034 2036
2035 2036
2037 2036
2038 2039
2038 254
2042 2166
2042 2167
2042 3055
2042 8
2042 272
2042 254
2043 2042
2043 2266
2043 3055
2043 8
2044 2043
2045 2046
2047 2048
2049 2050
2051 2050
2053 313
2053 2054
2056 3373
2056 3126
2058 689
2058 2056
2058 599
2058 3269
2058 2255
2058 2256
2058 179
2058 334
2058 2643
2058 9
2058 272
2058 3126
2058 3126
2059 123
2059 2061
2059 1591
2059 2782
2059 558
2059 2783
2059 314
2059 378
2060 1591
2060 2059
2060 2061
2060 1065
2060 1496
2060 2751
2060 3126
2061 1591
2064 2065
2064 2066
2064 2067
2065 2066
2065 2067
2066 2067
2068 2069
2069 853
2069 809
2069 378
2070 3269
2070 766
2070 3164
2070 3138
2071 8
2073 2074
2073 1396
2073 2422
2073 883
2074 2073
2074 254
2074 3127
2076 1689
2078 2079
2078 2967
2078 384
2078 254
2079 2080
2080 2079
2082 2083
2082 378
2084 825
2087 2085
2087 2086
2087 2084
2089 131
2089 2088
2089 2218
2089 74
2089 2687
2089 2694
2089 2695
2089 326
2089 2969
2089 2968
2089 1751
2089 3274
2092 1482
2093 884
2093 985
2094 60
2094 2665
2094 2664
2096 2057
2097 844
2097 2096
2098 844
2098 2096
2099 2100
2099 2101
2099 2102
2099 2103
2099 2104
2099 22
2099 2106
2099 2107
2099 2108
2099 2109
2099 2110
2099 2139
2099 2942
2099 2943
2099 3011
2099 3255
2099 3150
2100 2101
2100 2102
2100 2103
2100 2104
2100 22
2100 2105
2100 2106
2100 766
2100 2107
2100 2108
2100 2109
2100 2110
2100 2127
2100 2128
2100 2129
2100 2130
2100 2131
2100 2111
2100 2132
2100 2133
2100 2134
2100 2135
2100 3150
2101 2102
2101 2103
2101 2104
2101 22
2101 2105
2101 2106
2101 2107
2101 2108
2101 2109
2101 2110
2101 2131
2101 2111
2101 2132
2101 2133
2101 2134
2101 2135
2101 3150
2102 2103
2102 2104
2102 22
2102 2105
2102 2106
2102 2107
2102 2108
2102 2109
2102 2110
2102 3150
2103 2104
2103 22
2103 2105
2103 2106
2103 2107
2103 2108
2103 2109
2103 2110
2103 3150
2104 22
2104 2105
2104 2106
2104 2107
2104 2108
2104 2109
2104 2110
2104 2111
2104 1134
2104 2100
2104 2127
2104 2128
2104 2129
2104 2130
2104 2101
2104 2131
2104 2132
2104 2133
2104 2134
2104 2135
2104 3150
2105 2106
2105 766
2105 2107
2105 2108
2105 3149
2105 2109
2105 2110
2105 3150
2106 2107
2106 2108
2106 2109
2106 2110
2106 3150
2107 2108
2107 3149
2107 2109
2107 2110
2107 2111
2107 2132
2107 2133
2107 2134
2107 2135
2107 2138
2107 884
2107 1265
2107 3150
2108 2109
2108 2110
2108 3150
2109 2110
2111 852
2111 889
2111 1287
2111 839
2111 473
2111 2125
2111 2126
2111 2124
2111 2104
2111 1134
2111 2107
2111 2132
2111 2133
2111 2134
2111 2135
2111 2137
2111 2138
2111 884
2111 1265
2111 2151
2111 2152
2111 2158
2111 1279
2111 254
2113 2112
2114 9
2115 2114
2115 883
2115 9
2116 657
2116 2143
2116 2141
2116 122
2116 2144
2116 2145
2116 1297
2116 2146
2116 902
2117 3213
2118 1334
2118 822
2118 378
2119 2120
2119 2121
2119 2096
2119 2057
2120 2121
2120 2096
2120 2057
2121 2096
2122 2123
2122 839
2122 889
2123 839
2124 2125
2124 1134
2125 2126
2125 2104
2125 1134
2125 2208
2126 2124
2126 2104
2126 2111
2126 1134
2127 2128
2127 2129
2127 2130
2127 2101
2127 2131
2127 2111
2127 2107
2127 2133
2127 2134
2127 2135
2128 2129
2128 2130
2128 2101
2128 2131
2128 2111
2128 2107
2128 2132
2128 2133
2128 2134
2128 2135
2129 2130
2129 2101
2129 2131
2129 2111
2129 2107
2129 2133
2129 2134
2129 2135
2130 2101
2130 2131
2130 2111
2130 2107
2130 2133
2130 2134
2130 2135
2131 2133
2131 2134
2131 2135
2132 2133
2132 2134
2132 2135
2133 2134
2133 2135
2133 844
2133 809
2134 2135
2136 2137
2138 884
2138 1265
2140 2139
2140 3375
2140 985
2140 1276
2141 985
2141 1276
2141 122
2141 2144
2141 2145
2141 1297
2141 2146
2141 902
2142 2116
2142 2143
2142 1501
2142 2141
2142 842
2142 122
2142 2144
2142 2145
2142 1297
2142 2146
2142 3276
2142 902
2143 1501
2143 2141
2143 122
2143 2144
2143 2145
2143 1297
2143 2146
2143 3276
2143 2147
2143 2148
2143 2149
2143 877
2143 902
2143 9
2145 2146
2147 2149
2148 2149
2148 852
2148 132
2148 2155
2151 2152
2154 787
2154 816
2154 2153
2154 9
2155 132
2156 1534
2156 2157
2158 1279
2159 3126
2160 2317
2160 2318
2160 675
2160 2319
2161 2160
2161 1500
2161 3163
2161 2736
2161 2737
2161 3126
2161 1482
2162 766
2162 2163
2162 3127
2162 3127
2164 2165
2164 207
2164 2423
2164 902
2166 2167
2166 2231
2167 806
2167 2425
2167 1188
2167 883
2167 2426
2168 2169
2168 2170
2169 2170
2171 1460
2171 2217
2171 3206
2171 2247
2171 2657
2171 2855
2171 3031
2171 244
2171 2358
2171 1234
2171 170
2171 2436
2171 240
2171 365
2171 3142
2171 8
2172 1460
2172 3039
2175 228
2176 612
2177 3127
2178 2179
2178 132
2180 2184
2180 2181
2182 2183
2182 2180
2182 2184
2182 2181
2183 2180
2183 2181
2184 2181
2185 2184
2185 2181
2187 2186
2188 3242
2189 953
2189 208
2189 2203
2189 3178
2189 2204
2189 2192
2189 889
2189 832
2189 2205
2189 657
2189 787
2189 902
2189 3117
2191 608
2192 2196
2192 2198
2192 2201
2192 889
2194 208
2194 2192
2194 2193
2194 2439
2194 2489
2194 2362
2194 2490
2195 2468
2196 3178
2197 2196
2199 3178
2199 2196
2200 2201
2202 2201
2203 889
2206 2207
2206 2125
2206 2208
2207 2125
2207 2208
2209 2125
2209 2208
2210 2231
2210 254
2212 3380
2212 3286
2213 3286
2213 2190
2213 1482
2214 2215
2214 378
2217 3206
2217 1414
2217 3279
2219 1593
2219 566
2220 272
2221 2222
2221 567
2222 567
2222 281
2222 3127
2224 822
2225 3263
2225 70
2225 2436
2225 2441
2225 2438
2225 2194
2225 2439
2226 691
2226 925
2227 1956
2227 2486
2227 8
2227 1482
2228 2229
2228 1480
2230 844
2230 1956
2230 2578
2230 3209
2231 806
2231 1046
2231 2400
2231 2401
2231 1184
2231 2403
2231 883
2231 902
2231 3126
2233 2232
2237 2239
2237 2238
2237 3382
2239 2238
2239 3382
2242 2241
2244 2245
2246 2244
2246 2245
2247 2244
2247 2245
2247 2251
2247 1288
2247 2657
2247 2032
2247 343
2248 2244
2248 2245
2249 2250
2251 1288
2251 2247
2251 2244
2252 1223
2252 1482
2253 1343
2253 2268
2253 2267
2254 2058
2254 549
2254 2255
2254 1943
2254 2256
2257 1797
2258 2259
2258 2260
2259 2260
2261 3275
2261 3194
2261 2874
2261 2875
2261 2636
2261 169
2261 2998
2261 1482
2262 2645
2262 2687
2262 2696
2262 2301
2262 2870
2262 2868
2262 254
2263 844
2263 985
2263 2779
2263 2781
2263 3126
2268 2267
2270 2269
2270 1258
2271 2272
2271 2273
2271 3127
2272 2273
2272 254
2276 2277
2276 2278
2276 2279
2276 2280
2276 358
2276 2281
2277 2278
2277 2279
2277 2280
2277 358
2282 2278
2282 2279
2282 2280
2282 358
2282 2281
2283 2279
2283 2280
2284 2285
2284 2286
2285 2286
2285 2722
2287 2985
2287 2986
2287 3127
2288 2289
2288 132
2289 132
2291 2290
2292 901
2292 2765
2292 1482
2293 1496
2295 692
2295 2294
2295 2787
2299 2300
2301 1665
2301 2870
2301 2868
2303 279
2303 3126
2305 2306
2305 2307
2306 2307
2309 2310
2309 2311
2309 2312
2309 902
2310 2311
2310 2312
2310 74
2310 2687
2310 902
2311 2312
2311 3169
2311 2303
2311 279
2311 1145
2311 2316
2311 2321
2311 363
2311 902
2313 2312
2313 2311
2313 3169
2313 2160
2313 675
2313 2319
2313 2321
2313 363
2313 2560
2313 8
2314 2312
2315 691
2315 8
2317 2318
2320 2321
2320 2322
2320 363
2322 363
2322 2664
2324 211
2324 2325
2326 953
2326 210
2326 2329
2326 2327
2326 111
2326 977
2327 111
2327 210
2328 106
2328 2329
2328 2330
2328 2331
2328 210
2328 2326
2328 953
2328 2327
2328 111
2328 977
2328 902
2329 2330
2329 2331
2329 210
2329 2326
2329 953
2329 2327
2329 111
2329 977
2329 2333
2329 2334
2329 106
2329 2335
2329 2336
2329 2337
2329 2338
2329 2339
2329 2340
2329 581
2329 2341
2329 2342
2329 2343
2329 2344
2329 2345
2329 2348
2329 171
2329 2351
2329 2352
2329 2358
2329 2359
2329 3066
2329 3067
2329 3050
2329 902
2329 3138
2329 272
2330 2331
2330 2329
2330 210
2330 2326
2330 953
2330 2327
2330 111
2330 977
2330 581
2330 2349
2330 2346
2330 2347
2330 2348
2330 8
2330 902
2331 2329
2331 210
2331 2326
2331 953
2331 2327
2331 111
2331 977
2331 902
2332 1382
2332 2329
2332 210
2332 2333
2333 2329
2333 210
2334 2333
2335 2333
2335 210
2336 2329
2337 2329
2339 2340
2339 2341
2339 111
2339 2342
2339 2343
2339 2344
2339 2345
2339 3138
2339 272
2340 2341
2340 111
2340 2342
2340 2343
2340 2344
2340 2345
2340 272
2341 111
2341 2342
2341 2343
2341 2344
2341 2345
2341 581
2343 2329
2344 2345
2346 581
2346 2347
2346 2329
2346 2348
2349 2346
2349 8
2351 2352
2351 2329
2351 2343
2351 2353
2351 2354
2351 2355
2351 581
2351 210
2351 2356
2351 2357
2351 111
2351 8
2352 2329
2352 2351
2352 2343
2352 2334
2353 2354
2353 2355
2353 581
2353 2351
2353 2329
2353 210
2354 2355
2354 581
2354 2351
2354 2329
2354 210
2355 2329
2355 210
2356 2357
2356 2351
2356 111
2357 2351
2357 111
2358 1234
2360 3127
2361 3388
2361 3389
2361 985
2362 852
2362 2489
2362 2490
2362 207
2362 1560
2363 3390
2363 2364
2365 3038
2365 3259
2366 2367
2366 2368
2367 2369
2367 1319
2367 279
2367 2368
2367 883
2369 1319
2369 279
2369 2368
2369 883
2371 254
2371 3126
2372 2373
2372 2377
2372 2378
2372 2380
2372 842
2372 999
2372 2381
2372 2383
2372 657
2372 205
2372 2388
2372 2391
2372 847
2372 2392
2372 2393
2372 2394
2372 2125
2372 2395
2372 2396
2372 2397
2372 1924
2372 2398
2372 2399
2372 3053
2372 8
2372 902
2372 1482
2374 2375
2376 2377
2376 2378
2376 2383
2376 657
2377 2378
2379 999
2379 1270
2379 2381
2381 1234
2381 2361
2382 1270
2382 2381
2383 657
2384 806
2384 839
2384 2231
2384 1046
2384 2400
2384 2401
2384 1184
2384 883
2384 2167
2384 2425
2384 1188
2384 378
2385 2261
2385 169
2385 1482
2386 205
2386 3138
2387 2388
2390 2372
2390 2391
2390 2417
2390 2423
2390 132
2390 2424
2390 2384
2390 2167
2390 2425
2390 1188
2390 883
2390 657
2390 2428
2390 2429
2390 735
2390 2432
2390 2435
2390 3064
2390 8
2390 902
2391 2530
2391 2531
2391 2532
2391 2514
2391 2739
2391 2792
2391 2794
2391 902
2391 3126
2391 3126
2392 2393
2394 2125
2395 2396
2400 2401
2400 1184
2400 2403
2400 883
2401 1184
2401 2403
2401 883
2402 2231
2402 1046
2403 883
2404 2023
2404 2405
2404 1855
2406 2417
2406 207
2406 735
2406 2432
2406 2435
2406 1188
2406 883
2406 2744
2406 2220
2406 3006
2406 3015
2406 902
2406 1482
2406 3127
2409 3064
2410 2411
2412 2411
2413 2411
2413 2414
2413 2415
2416 2411
2416 2414
2416 2415
2417 2435
2418 207
2419 2407
2420 2407
2421 2422
2424 2384
2424 1188
2427 207
2427 657
2427 2835
2427 2311
2427 902
2431 2430
2431 2231
2433 2434
2433 2590
2433 2591
2433 2592
2433 902
2436 2441
2436 2438
2436 2194
2436 2439
2437 2436
2437 2438
2437 2194
2437 2439
2438 2194
2440 70
2440 2436
2440 2441
2440 2438
2440 2194
2440 2384
2440 2439
2442 2436
2442 2533
2442 2534
2443 321
2443 949
2444 2804
2445 2446
2445 2447
2445 2448
2446 2447
2446 2448
2447 2448
2449 3393
2449 2450
2453 693
2453 2454
2455 2456
2455 2457
2455 2458
2455 2459
2455 3394
2455 3395
2455 2039
2456 2457
2456 2458
2456 2474
2457 2458
2457 2482
2458 2482
2459 3395
2459 2039
2461 2462
2461 2463
2461 2464
2461 953
2461 2465
2461 2456
2461 2474
2461 2458
2461 2459
2461 3395
2461 2039
2462 2464
2463 2464
2463 953
2463 2465
2464 2465
2466 3326
2467 2466
2467 3326
2467 244
2467 2358
2467 1234
2469 2468
2469 711
2469 2796
2469 9
2470 3127
2470 3126
2471 3396
2471 2472
2471 2473
2471 2461
2471 3053
2471 3085
2472 2461
2472 3053
2472 3085
2473 2472
2473 3085
2474 2458
2475 2476
2475 254
2477 2478
2477 2479
2478 2479
2480 2479
2480 2602
2480 3127
2480 378
2481 2457
2481 2458
2481 2482
2483 3369
2483 3370
2484 2485
2484 1482
2487 2488
2491 2492
2494 207
2495 2496
2497 94
2502 2503
2502 2964
2504 2505
2504 3270
2504 2509
2504 2526
2504 2516
2504 1207
2504 3135
2504 2580
2504 2534
2504 3291
2504 2585
2504 2586
2504 2577
2504 1436
2504 2596
2504 254
2505 2504
2505 2510
2505 2518
2505 2525
2505 2552
2505 3402
2505 2582
2505 2591
2505 2592
2506 3135
2506 2504
2506 3403
2506 2545
2506 2542
2506 3402
2506 2557
2506 2558
2506 889
2506 2577
2506 2587
2506 127
2506 2588
2507 2538
2507 2560
2507 8
2508 8
2511 2136
2511 2512
2511 3126
2512 2136
2512 2514
2512 2525
2513 2512
2513 2136
2513 2522
2513 2523
2513 2524
2513 279
2515 2514
2516 2541
2517 2516
2517 2605
2517 2837
2517 378
2519 2520
2521 2525
2521 279
2521 3378
2526 2509
2527 47
2527 2701
2528 3283
2528 2529
2528 2530
2528 2531
2528 2532
2529 2505
2530 2531
2530 2532
2531 2532
2534 2504
2534 132
2534 2580
2534 3291
2534 2585
2534 2586
2534 3377
2534 197
2534 281
2535 2516
2536 3135
2536 2535
2536 2516
2537 2535
2537 2516
2539 2540
2539 2516
2539 2541
2540 2516
2542 2540
2542 2516
2542 2544
2542 2548
2542 2549
2542 2550
2542 2293
2542 3406
2542 657
2542 889
2543 3134
2543 3126
2545 3291
2545 3377
2546 378
2547 2505
2547 2552
2547 2504
2547 1036
2547 2389
2548 2549
2554 889
2554 2538
2555 378
2557 889
2557 2542
2558 889
2558 2542
2559 8
2561 3320
2561 2505
2562 2505
2563 2505
2563 2545
2563 2589
2563 2590
2563 2591
2563 2592
2564 1877
2564 2563
2564 2505
2566 2545
2566 2529
2566 8
2567 2568
2567 9
2569 2516
2570 1574
2570 2914
2570 3315
2570 218
2571 132
2572 132
2572 1482
2574 2573
2575 162
2575 2576
2575 2969
2575 2968
2575 1751
2575 3018
2575 3309
2575 3129
2575 825
2575 1723
2575 3138
2575 3190
2576 2876
2576 2880
2576 2782
2576 2881
2576 2784
2576 179
2576 2654
2576 852
2576 272
2578 1482
2580 2534
2580 3291
2580 2585
2580 2586
2580 3377
2581 2580
2583 2584
2589 2591
2589 2592
2590 2591
2590 2592
2593 2594
2593 2529
2593 8
2594 2529
2594 8
2595 2594
2595 2529
2595 8
2596 2598
2597 1436
2597 2596
2597 2598
2599 839
2599 279
2600 839
2600 279
2601 2602
2606 2607
2606 2608
2607 2608
2609 2608
2609 3143
2612 279
2613 2026
2614 2615
2614 2616
2615 2616
2617 2618
2619 2620
2619 985
2620 985
2622 2629
2623 732
2623 2624
2623 2625
2623 3411
2624 2625
2626 2627
2626 2628
2627 2628
2630 2629
2630 200
2630 902
2630 378
2632 378
2633 200
2633 2634
2635 3304
2636 1271
2637 3138
2638 378
2638 3126
2639 471
2639 2640
2639 2641
2640 2641
2643 2644
2643 2646
2643 2647
2643 2645
2643 2649
2643 2650
2643 2651
2643 2788
2643 3126
2644 2643
2646 2647
2646 2645
2647 2645
2647 2649
2648 2058
2648 179
2648 334
2648 2643
2650 2651
2652 2653
2652 3412
2652 2941
2653 3412
2653 2643
2653 2788
2654 2934
2654 855
2655 2643
2656 2032
2656 2027
2656 2247
2656 2657
2658 2659
2658 855
2658 323
2659 855
2659 323
2660 1118
2661 2666
2661 2664
2661 2665
2661 1118
2661 2667
2661 852
2661 1482
2662 576
2662 3186
2662 902
2663 576
2663 3186
2663 902
2664 2665
2665 2664
2666 2665
2666 2664
2667 2664
2667 2666
2667 3186
2667 576
2667 852
2667 3126
2668 1118
2668 2667
2668 852
2669 2670
2669 816
2669 3138
2671 146
2671 566
2671 664
2672 3318
2672 2247
2672 2847
2672 1482
2673 2247
2673 2032
2673 343
2673 2865
2673 2866
2674 94
2674 123
2675 94
2675 254
2677 3341
2677 1237
2678 3177
2679 3177
2680 2681
2680 3177
2681 3177
2682 2681
2682 3177
2683 2684
2683 2685
2684 2685
2687 2696
2688 2689
2688 173
2690 2689
2690 173
2691 2692
2691 3060
2693 2691
2693 2692
2693 360
2693 2699
2693 3165
2693 3242
2693 3060
2694 2695
2694 326
2695 326
2697 2696
2697 2698
2697 1222
2698 1222
2699 360
2700 2701
2700 2527
2702 2703
2702 254
2703 3059
2704 2705
2704 2709
2707 2706
2707 254
2708 3334
2708 2703
2708 3059
2709 2705
2709 2702
2711 169
2716 2715
2717 2071
2718 2717
2718 3126
2719 1870
2719 2717
2721 378
2721 254
2723 2722
2728 92
2728 2789
2728 2734
2728 1482
2729 2730
2729 2731
2730 2731
2732 2733
2732 3414
2732 378
2736 2737
2738 2736
2738 2737
2740 2739
2740 2741
2741 3275
2742 3209
2742 3210
2742 9
2744 2469
2744 2220
2745 3127
2747 1510
2747 3057
2748 3057
2749 1510
2749 3057
2750 1510
2750 3057
2752 2751
2752 3000
2753 2754
2755 2753
2755 2754
2756 2757
2758 270
2758 1736
2759 1736
2760 3127
2761 2762
2761 2802
2761 2803
2763 132
2763 2917
2763 816
2763 1482
2764 2292
2764 901
2764 2765
2767 9
2769 2770
2769 3085
2771 2907
2771 8
2773 2772
2775 2774
2775 2776
2778 2604
2779 2780
2779 2781
2779 2806
2779 2817
2779 2807
2779 2808
2779 2809
2779 2812
2779 8
2780 2781
2780 8
2784 2059
2784 3233
2784 2782
2784 558
2784 3133
2784 2783
2784 314
2784 3224
2785 2786
2789 190
2789 2734
2791 2792
2793 2792
2793 2931
2795 2792
2795 2794
2795 378
2795 378
2796 2297
2801 816
2801 2800
2801 2761
2801 2802
2802 2803
2803 2804
2805 2806
2805 2807
2805 2808
2805 2809
2810 2811
2810 1654
2810 2806
2810 2807
2810 2808
2810 2809
2810 2812
2811 2806
2811 2807
2811 2808
2811 2809
2813 2806
2813 2807
2813 2808
2813 2809
2814 2806
2814 2807
2814 2808
2814 2809
2815 2806
2815 2807
2815 2808
2815 2809
2817 2809
2818 2807
2818 2809
2820 2806
2820 2807
2820 2808
2820 2809
2821 2807
2821 2809
2822 2806
2822 2807
2822 2808
2822 2809
2823 2815
2823 2806
2823 2816
2823 2817
2823 2818
2823 2807
2823 2808
2823 2809
2823 2812
2824 2806
2824 2816
2824 2817
2824 2818
2824 2807
2824 2808
2824 2809
2824 2819
2824 2812
2825 2806
2825 2816
2825 2817
2825 2818
2825 2807
2825 2808
2825 2809
2825 2812
2826 2807
2826 2809
2827 2806
2827 2807
2827 2808
2827 2809
2828 2817
2828 2818
2828 2807
2828 2808
2828 2809
2828 2819
2828 2812
2829 3126
2831 2832
2833 2834
2833 902
2834 902
2835 711
2835 2841
2835 2842
2835 2427
2835 2844
2835 2311
2835 2865
2835 2866
2835 3117
2835 378
2835 1482
2840 132
2840 254
2843 228
2843 2835
2844 2311
2845 792
2845 2846
2848 3337
2849 2850
2849 852
2850 2851
2850 1584
2850 2852
2851 2852
2854 3339
2854 1584
2855 576
2855 926
2855 8
2855 3138
2855 272
2855 272
2856 1414
2856 3236
2856 3279
2858 1414
2858 2857
2859 2860
2859 2861
2860 2861
2862 9
2863 2864
2865 2869
2865 3146
2867 2868
2869 3146
2871 3347
2871 2262
2872 337
2872 2873
2872 254
2872 3127
2877 2125
2877 1451
2878 296
2878 2879
2878 2576
2878 2880
2878 2782
2878 2881
2878 2784
2878 3138
2878 272
2880 2782
2880 2881
2880 2784
2880 272
2882 3127
2882 1482
2884 2885
2884 2886
2885 2886
2887 2888
2887 1480
2888 2886
2889 2890
2889 3419
2890 3419
2892 2893
2892 3175
2895 3420
2896 254
2896 3126
2897 1482
2897 3127
2898 254
2898 378
2899 3126
2899 378
2900 2901
2900 3127
2902 3127
2902 3126
2903 3126
2909 2910
2909 2911
2910 2911
2912 2913
2912 1144
2913 1144
2914 3315
2915 2916
2915 2914
2915 3315
2916 2914
2918 2919
2918 378
2921 2117
2921 283
2921 3213
2921 2920
2923 3211
2923 566
2924 3232
2925 985
2926 3155
2926 2927
2928 1336
2929 1146
2931 1482
2933 2654
2933 2934
2933 2935
2933 3126
2936 2934
2936 2940
2938 1270
2941 2942
2941 2943
2942 2943
2944 2942
2944 2943
2945 844
2945 3127
2946 337
2948 3282
2948 2361
2949 2950
2951 1228
2951 3126
2952 1169
2953 1480
2954 2469
2955 2954
2956 2954
2957 93
2957 1668
2957 1669
2958 1058
2958 2959
2960 2961
2960 2962
2960 124
2963 2962
2963 124
2964 2965
2964 2502
2965 2502
2968 1751
2968 2984
2968 3425
2969 2968
2969 1751
2971 855
2972 2974
2972 2975
2972 2973
2974 2975
2974 2976
2974 2973
2975 2973
2976 2973
2977 1482
2977 1482
2978 2981
2978 2982
2979 2981
2979 2982
2983 2982
2984 3425
2985 2986
2988 2989
2990 2991
2990 2988
2991 2988
2992 3126
2992 3126
2992 254
2992 254
2992 3127
2992 3127
2992 3127
2992 1482
2992 378
2996 316
2996 2997
3000 3126
3002 2095
3003 3126
3005 2406
3005 3006
3005 2744
3005 2220
3005 2099
3005 3127
3005 378
3006 228
3006 3008
3006 3015
3006 3085
3006 254
3007 2406
3008 3006
3009 3010
3010 1676
3011 3255
3012 378
3013 664
3013 3014
3013 974
3013 3006
3013 3015
3014 974
3014 3006
3014 3015
3016 3335
3018 3138
3019 3018
3019 3129
3019 825
3019 3138
3019 3190
3020 902
3020 3127
3022 3021
3023 3021
3024 632
3025 3026
3025 378
3029 2358
3029 1234
3031 244
3031 3029
3031 2358
3031 1234
3031 3170
3031 3171
3032 3033
3032 3427
3032 3034
3032 3035
3033 3034
3033 3035
3034 3035
3036 1234
3037 78
3038 3259
3040 3041
3040 700
3041 700
3042 3043
3042 3051
3043 3051
3045 3046
3045 3138
3047 3046
3047 3138
3048 3323
3048 1164
3049 3323
3049 1164
3050 1127
3050 31
3050 39
3050 92
3050 1555
3050 1082
3050 1556
3050 1557
3050 1585
3050 1586
3050 3141
3050 3074
3050 94
3050 59
3050 273
3050 326
3050 368
3050 369
3050 370
3050 711
3050 807
3050 764
3050 3143
3050 808
3050 809
3050 1180
3050 228
3050 2357
3050 2351
3050 111
3050 3402
3050 2542
3050 2548
3050 2549
3050 2550
3050 2293
3050 54
3050 294
3050 1922
3050 3085
3050 8
3050 9
3050 9
3053 2399
3053 243
3053 370
3053 3140
3053 1575
3053 3138
3053 3089
3053 3106
3053 3126
3053 3126
3055 2042
3063 2536
3063 3135
3063 2535
3063 2516
3066 2335
3066 2333
3066 210
3069 2109
3069 2110
3071 1840
3072 1832
3072 1833
3072 670
3085 132
3085 1470
3085 94
3085 137
3085 137
3085 1163
3085 92
3085 3092
3085 52
3085 118
3085 76
3085 736
3085 104
3085 121
3085 145
3085 475
3085 124
3085 414
3085 860
3085 733
3085 866
3085 933
3085 976
3085 981
3085 3244
3085 1028
3085 1106
3085 245
3085 3140
3085 707
3085 1272
3085 1427
3085 1428
3085 169
3085 993
3085 1472
3085 395
3085 1575
3085 281
3085 285
3085 1630
3085 1631
3085 1716
3085 78
3085 1747
3085 1897
3085 1898
3085 931
3085 2201
3085 2504
3085 1020
3085 2580
3085 2534
3085 3291
3085 2585
3085 2586
3085 3377
3085 2593
3085 2594
3085 2529
3085 822
3085 2770
3085 228
3085 3008
3085 1234
3085 3037
3085 3050
3085 8
3085 8
3085 902
3085 3138
3085 9
3085 272
3085 272
3085 378
3085 378
3085 254
3085 3126
3085 3126
3089 3126
3091 704
3091 132
3091 1033
3091 889
3092 272
3098 489
3099 473
3102 3127
3102 3126
3103 76
3108 56
3108 90
3108 76
3110 59
3111 55
3112 58
3113 57
3113 67
3114 36
3115 3120
3115 3234
3115 1006
3115 3194
3115 170
3115 692
3115 3305
3115 3178
3115 2436
3115 1482
3115 3123
3115 1912
3115 1912
3115 3386
3115 3401
3115 3352
3115 3363
3115 2473
3115 3193
3115 3172
3115 3388
3115 870
3115 3369
3115 3173
3116 1234
3117 86
3117 145
3117 1928
3117 1929
3117 1930
3117 2203
3117 3178
3117 2204
3117 2192
3117 889
3117 832
3117 2205
3117 378
3119 3120
3120 3129
3120 3119
3120 1217
3120 1519
3120 2565
3120 2604
3120 2777
3120 2778
3120 3175
3120 858
3120 1501
3120 2004
3120 3237
3120 378
3121 964
3122 404
3122 973
3122 974
3122 1392
3122 1927
3122 172
3122 3134
3122 3299
3122 2257
3123 978
3123 378
3124 3118
3124 145
3124 3121
3124 964
3124 61
3124 1022
3124 1104
3124 1108
3124 1378
3124 1379
3124 1380
3125 737
3125 353
3125 374
3126 3109
3126 148
3126 149
3126 3340
3126 1691
3126 120
3126 132
3126 132
3126 132
3126 3127
3126 3127
3126 3127
3126 3127
3126 3127
3126 3127
3126 3127
3126 3127
3126 3127
3126 3127
3126 3127
3126 3127
3126 3127
3126 3127
3126 3127
3126 3127
3126 3127
3126 3127
3126 3127
3126 3127
3126 3127
3126 3127
3126 902
3126 902
3126 902
3126 902
3126 902
3126 902
3126 188
3126 92
3126 306
3126 3129
3126 473
3126 473
3126 473
3126 569
3126 1482
3126 1482
3126 1482
3126 1482
3126 1482
3126 1482
3126 1482
3126 1482
3126 1482
3126 1482
3126 1482
3126 1482
3126 1482
3126 1482
3126 1482
3126 1482
3126 1482
3126 1482
3126 321
3126 9
3126 9
3126 9
3126 9
3126 3085
3126 711
3126 8
3126 8
3126 8
3126 378
3126 378
3126 378
3126 378
3126 378
3126 378
3126 378
3126 378
3126 737
3126 185
3126 792
3126 700
3126 828
3126 846
3126 123
3126 889
3126 254
3126 254
3126 254
3126 254
3126 254
3126 254
3126 254
3126 3245
3126 1080
3126 1083
3126 1088
3126 1108
3126 1104
3126 1120
3126 64
3126 3136
3126 1136
3126 1139
3126 1166
3126 816
3126 816
3126 768
3126 3225
3126 1196
3126 1045
3126 1252
3126 3140
3126 1234
3126 954
3126 1409
3126 3125
3126 3125
3126 3087
3126 839
3126 1440
3126 1486
3126 1503
3126 1526
3126 1537
3126 1552
3126 1557
3126 712
3126 1569
3126 3280
3126 1609
3126 1652
3126 1188
3126 1089
3126 1671
3126 1682
3126 1688
3126 3182
3126 1728
3126 1735
3126 1747
3126 256
3126 74
3126 1871
3126 661
3126 1897
3126 1933
3126 1376
3126 3070
3126 2033
3126 2056
3126 2059
3126 1129
3126 3162
3126 3162
3126 567
3126 2149
3126 251
3126 2223
3126 2234
3126 2250
3126 2266
3126 2274
3126 2280
3126 2290
3126 2304
3126 2308
3126 2231
3126 2397
3126 2451
3126 1500
3126 3330
3126 2493
3126 2551
3126 1400
3126 2579
3126 3143
3126 2622
3126 818
3126 2476
3126 3341
3126 2686
3126 2712
3126 2722
3126 2722
3126 2090
3126 2362
3126 2774
3126 2785
3126 2745
3126 1664
3126 1584
3126 844
3126 2391
3126 3155
3126 985
3126 985
3126 890
3126 2937
3126 2652
3126 837
3126 2835
3126 2099
3126 2879
3127 586
3127 1132
3127 117
3127 1482
3127 1482
3127 1482
3127 1482
3127 1482
3127 1482
3127 1482
3127 1482
3127 1482
3127 1482
3127 1482
3127 1482
3127 134
3127 136
3127 153
3127 174
3127 254
3127 254
3127 254
3127 254
3127 254
3127 254
3127 254
3127 254
3127 254
3127 254
3127 254
3127 254
3127 254
3127 254
3127 254
3127 254
3127 3129
3127 3106
3127 225
3127 475
3127 509
3127 546
3127 279
3127 279
3127 602
3127 613
3127 613
3127 629
3127 649
3127 672
3127 49
3127 698
3127 378
3127 378
3127 378
3127 378
3127 378
3127 378
3127 378
3127 378
3127 378
3127 378
3127 715
3127 733
3127 736
3127 826
3127 145
3127 3126
3127 3126
3127 3126
3127 3126
3127 3126
3127 3126
3127 3126
3127 3126
3127 3126
3127 3126
3127 3126
3127 3126
3127 3126
3127 3126
3127 3126
3127 3126
3127 3126
3127 3126
3127 123
3127 700
3127 947
3127 97
3127 967
3127 985
3127 995
3127 107
3127 132
3127 132
3127 1042
3127 1053
3127 78
3127 78
3127 78
3127 680
3127 680
3127 1068
3127 1080
3127 1098
3127 1108
3127 844
3127 1128
3127 1145
3127 1046
3127 1162
3127 305
3127 1244
3127 3276
3127 1303
3127 207
3127 825
3127 1396
3127 802
3127 877
3127 877
3127 877
3127 1463
3127 1480
3127 9
3127 1576
3127 1625
3127 1630
3127 1630
3127 1652
3127 1686
3127 1700
3127 889
3127 1731
3127 1735
3127 3075
3127 129
3127 1767
3127 1871
3127 172
3127 1877
3127 1599
3127 3204
3127 3222
3127 3139
3127 925
3127 1922
3127 1923
3127 1926
3127 1936
3127 1964
3127 165
3127 3301
3127 2018
3127 2052
3127 473
3127 473
3127 2077
3127 931
3127 994
3127 994
3127 2114
3127 2160
3127 2226
3127 1956
3127 822
3127 2265
3127 2296
3127 2389
3127 902
3127 902
3127 2436
3127 321
3127 2443
3127 2486
3127 127
3127 2500
3127 3134
3127 2504
3127 2564
3127 2224
3127 1754
3127 1754
3127 3155
3127 576
3127 2760
3127 2774
3127 2777
3127 3242
3127 2790
3127 2703
3127 2838
3127 852
3127 2654
3127 3302
3127 8
3127 8
3127 1304
3127 1304
3127 2905
3127 2744
3127 2958
3127 2983
3127 3017
3127 3030
3127 3010
3127 2177
3127 124
3129 142
3129 994
3129 3085
3129 3138
3129 3190
3129 3127
3130 1299
3130 1300
3130 1303
3130 1998
3131 3332
3132 2472
3132 3093
3133 1173
3133 324
3133 1738
3133 2510
3133 2505
3133 2589
3133 2590
3133 2591
3133 2592
3133 314
3133 2391
3133 8
3135 1130
3135 2504
3135 2535
3135 2516
3135 889
3135 132
3135 279
3135 473
3135 3127
3135 378
3135 254
3138 3164
3138 509
3138 722
3138 739
3138 740
3138 629
3138 1163
3138 1176
3138 3125
3138 1200
3138 1201
3138 864
3138 41
3138 1440
3138 1500
3138 8
3138 8
3138 1439
3138 1656
3138 133
3138 2341
3138 111
3138 2342
3138 2343
3138 2344
3138 2345
3138 581
3138 2346
3138 2347
3138 2329
3138 2348
3138 205
3138 2486
3138 3145
3138 2249
3138 2637
3138 2247
3138 2739
3138 758
3138 132
3138 2261
3138 3194
3138 296
3138 2879
3138 2576
3138 2880
3138 2782
3138 2881
3138 2784
3138 2030
3138 2610
3138 1723
3138 78
3138 3046
3138 3088
3138 3096
3138 51
3138 75
3138 76
3138 76
3138 398
3138 77
3138 109
3138 3085
3138 3085
3138 70
3138 925
3138 272
3138 272
3138 3190
3138 3126
3138 3127
3138 3127
3138 378
3140 405
3140 1272
3140 1273
3140 3085
3141 559
3141 560
3141 561
3141 234
3141 562
3141 563
3141 564
3141 20
3141 565
3141 1587
3141 1585
3141 1586
3141 3142
3141 8
3141 8
3141 8
3141 281
3141 586
3141 595
3141 1956
3141 2268
3141 2267
3141 822
3141 3050
3141 3050
3141 3050
3141 9
3141 1304
3142 332
3142 333
3142 324
3142 8
3143 308
3143 755
3143 657
3143 757
3143 756
3143 758
3143 765
3143 766
3143 767
3143 768
3143 228
3143 769
3143 711
3143 773
3143 764
3143 779
3143 782
3143 783
3143 784
3143 787
3143 789
3143 790
3143 791
3143 794
3143 796
3143 797
3143 780
3143 798
3143 799
3143 807
3143 132
3143 277
3143 1200
3143 1201
3143 1485
3143 2308
3143 2311
3143 3169
3143 3216
3143 1286
3143 1723
3143 837
3143 2613
3143 2026
3143 2619
3143 2620
3143 985
3143 2621
3143 664
3143 2720
3143 2733
3143 2835
3143 1258
3143 3217
3143 316
3143 3094
3143 3050
3143 3050
3143 8
3143 902
3143 3126
3143 378
3143 378
3143 378
3143 378
3147 842
3147 61
3149 2109
3149 2110
3149 3150
3150 2109
3150 2110
3151 511
3151 512
3151 513
3151 514
3151 515
3151 516
3151 1340
3151 3152
3151 254
3153 3154
3153 356
3153 2017
3153 1994
3153 1995
3153 2016
3153 1996
3153 3232
3153 2059
3153 3233
3153 2782
3153 558
3153 3133
3153 2783
3153 314
3153 3224
3153 3234
3153 3235
3154 356
3155 35
3155 1569
3156 3241
3156 1365
3156 1366
3156 1367
3156 374
3156 3
3157 3127
3160 2222
3160 281
3161 3162
3162 510
3162 78
3162 206
3162 184
3162 3240
3162 3251
3162 608
3163 2736
3163 2737
3164 1588
3165 480
3165 489
3165 1281
3165 1369
3165 3242
3165 1943
3165 1939
3165 3098
3165 272
3166 26
3166 94
3166 25
3166 116
3166 1144
3166 1913
3166 3050
3166 9
3170 3171
3174 1
3174 728
3174 250
3174 78
3174 87
3174 1464
3176 3177
3177 2358
3178 2196
3178 2192
3178 2198
3178 2200
3178 2201
3178 2203
3178 2204
3178 889
3178 832
3178 2205
3178 3085
3178 3117
3179 158
3179 1304
3179 1305
3180 1354
3181 165
3181 166
3181 167
3181 168
3184 725
3184 1407
3184 254
3184 321
3184 1422
3184 75
3184 8
3184 485
3184 3080
3184 902
3185 706
3185 752
3185 753
3185 399
3185 754
3185 719
3185 891
3185 957
3185 601
3185 1175
3185 1174
3185 1740
3185 1741
3185 1742
3185 842
3185 902
3186 2664
3186 2665
3186 576
3186 378
3187 1036
3187 7
3187 844
3187 1162
3187 1482
3188 78
3188 3107
3189 778
3192 1643
3194 290
3194 291
3194 1967
3194 1968
3194 2538
3194 387
3194 1055
3194 3127
3194 1482
3195 165
3195 2095
3196 224
3196 230
3196 92
3196 89
3196 8
3196 3126
3199 973
3199 3123
3199 978
3203 233
3203 1482
3205 2848
3205 3337
3205 1584
3207 3208
3209 3210
3209 9
3214 2772
3214 1496
3214 1602
3214 2922
3214 8
3215 3368
3215 1669
3215 3248
3215 3249
3215 1998
3215 1999
3215 2001
3215 1994
3215 1993
3215 1995
3215 3346
3217 316
3218 309
3218 3219
3220 311
3220 3221
3220 3222
3223 2244
3228 816
3228 1006
3228 1011
3228 858
3228 1540
3228 3240
3228 2005
3229 1716
3229 3085
3229 902
3230 354
3230 3231
3231 172
3231 35
3231 3153
3231 3154
3231 356
3231 688
3231 3131
3231 2027
3231 3203
3232 2076
3232 1824
3232 2236
3232 132
3232 279
3232 2232
3232 384
3232 2238
3232 2243
3232 2739
3232 386
3232 3126
3232 3127
3233 2782
3234 3325
3234 1361
3234 1362
3234 3241
3234 1363
3234 1364
3234 3156
3234 1365
3234 1366
3234 1367
3234 374
3234 3
3234 2001
3234 1813
3235 2016
3236 909
3236 911
3236 313
3236 392
3236 624
3236 3279
3236 3126
3237 1939
3237 1940
3237 1941
3237 806
3237 1945
3237 365
3237 2726
3237 2727
3237 3050
3237 3126
3237 254
3238 1899
3238 1900
3239 2498
3239 2499
3240 725
3240 3227
3240 3251
3240 608
3240 1073
3240 132
3240 1546
3240 3228
3240 3162
3241 1363
3241 1364
3241 3156
3241 1365
3241 1366
3241 1367
3241 374
3241 3
3243 92
3244 1028
3246 3243
3246 3232
3249 1998
3249 3346
3250 3127
3251 1511
3251 1512
3251 608
3251 1513
3251 378
3254 1344
3256 653
3257 3243
3257 92
3258 1624
3259 2746
3260 3261
3260 283
3261 283
3262 2059
3262 1065
3262 2069
3262 1207
3263 2224
3263 2225
3264 622
3264 3265
3267 3297
3268 3350
3268 3204
3269 1287
3269 2071
3270 2505
3271 1023
3271 1024
3271 1025
3272 1617
3272 2603
3273 254
3273 3126
3274 235
3274 236
3274 305
3274 338
3274 479
3274 386
3274 137
3274 844
3274 761
3274 1408
3274 855
3274 1706
3274 1707
3274 1708
3274 1700
3274 2686
3274 2687
3274 2694
3274 2695
3274 326
3274 2089
3274 2877
3274 2125
3274 1451
3274 3050
3274 3085
3274 8
3274 902
3274 272
3274 3126
3274 3126
3274 378
3276 1846
3276 254
3277 1177
3277 1178
3277 805
3277 1768
3278 2302
3281 2948
3281 3282
3281 2361
3282 2361
3282 3127
3283 1030
3283 1025
3288 337
3288 1673
3288 2083
3288 3289
3288 2498
3288 1482
3291 2585
3291 3377
3294 2796
3295 254
3296 273
3296 2987
3296 314
3301 2500
3303 3304
3304 3126
3305 1020
3305 3283
3305 1030
3305 1031
3305 1025
3305 1037
3305 1041
3305 3140
3305 404
3305 1043
3305 1044
3305 3089
3305 3090
3305 9
3305 272
3305 272
3305 254
3306 61
3307 3244
3307 1028
3308 1851
3308 254
3310 1581
3310 3138
3310 3190
3311 825
3311 3138
3311 3190
3312 3406
3312 1131
3312 657
3313 3174
3314 2570
3314 638
3317 1200
3317 1201
3317 254
3318 2171
3318 2247
3318 2657
3319 472
3319 839
3320 2505
3321 1284
3321 691
3322 1531
3322 844
3324 3127
3325 1361
3325 1362
3325 3241
3325 1363
3325 1364
3325 3156
3325 1365
3325 1366
3325 1367
3325 374
3325 3
3327 1375
3327 566
3328 1374
3328 3327
3328 1375
3328 566
3329 3330
3331 3220
3331 2922
3334 1608
3334 2902
3334 378
3334 3126
3335 833
3335 3016
3335 3126
3336 1570
3336 1571
3336 1572
3336 1573
3336 401
3338 2849
3338 2850
3338 852
3339 1584
3340 1691
3342 132
3342 1644
3342 1645
3343 3126
3343 3127
3344 1442
3345 208
3346 1994
3346 1669
3346 3249
3346 1998
3346 3366
3347 3279
3347 2442
3347 2867
3347 2868
3348 1678
3349 256
3349 216
3350 3204
3351 3313
3351 1703
3351 902
3352 1712
3352 1713
3352 1689
3353 2055
3353 1482
3354 9
3355 1866
3355 3207
3355 3208
3357 3358
3357 1931
3358 1931
3359 1937
3359 1938
3360 2228
3360 2229
3360 1956
3360 3126
3360 3126
3362 1174
3363 359
3363 1964
3364 1584
3364 3127
3365 279
3371 2004
3371 2003
3371 2005
3371 1994
3371 2006
3371 2013
3371 3215
3371 2001
3371 1995
3371 2081
3371 1938
3371 8
3371 1304
3372 3353
3372 2055
3373 2056
3373 3126
3374 2064
3374 2065
3374 2066
3374 2067
3375 985
3375 1276
3376 2173
3376 2174
3376 3270
3376 2504
3376 3377
3376 1020
3376 2578
3376 2581
3376 2580
3376 3378
3376 2534
3376 3291
3376 2585
3376 2586
3376 2577
3376 1938
3376 2587
3376 127
3376 2588
3376 902
3377 2504
3377 1020
3377 2578
3377 2580
3377 3378
3377 2534
3377 3291
3377 2585
3379 208
3379 2192
3379 2193
3380 2213
3380 3286
3381 3206
3381 197
3381 1414
3381 3236
3381 3279
3381 2442
3383 2241
3384 254
3385 818
3385 2502
3385 2999
3386 2264
3387 2304
3387 1482
3388 3389
3390 2364
3391 1343
3391 902
3392 2436
3392 2438
3392 2194
3393 2450
3394 2471
3394 2472
3394 3127
3395 2039
3396 2472
3396 2461
3396 3053
3396 3085
3397 2487
3397 2488
3398 2491
3398 2492
3399 837
3399 2501
3400 3401
3402 2539
3402 2540
3402 2516
3402 2541
3402 2548
3402 2549
3402 3406
3402 2504
3403 3135
3403 2535
3403 2516
3403 843
3404 3378
3404 2519
3404 3405
3404 2520
3404 1232
3404 2522
3404 2523
3404 2524
3404 279
3404 2512
3404 47
3404 3127
3405 2520
3406 1207
3406 889
3406 1131
3406 657
3407 3134
3408 2316
3409 162
3409 2575
3409 2576
3410 839
3410 279
3411 2623
3413 2665
3413 2664
3414 2995
3414 2487
3414 316
3415 132
3415 847
3415 3138
3416 2753
3416 2754
3416 3126
3417 1584
3417 272
3418 2865
3418 2866
3418 2867
3418 3347
3418 1534
3418 2868
3421 169
3421 985
3422 2934
3422 2935
3423 816
3423 2744
3423 3127
3424 1751
3426 3006
3426 228
3426 2744
3426 2220
3427 3034
3427 3035
3428 365
3428 1601
